126.805
202.965
314.755
285.705
272.055
225.505
379.855
135.905
200.655
317.205
250.005
203.945
348.005
348.355
234.465
239.365
284.095
150.605
149.205
254.555
362.705
280.105
273.105
172.305
109.795
185.255
154.525
247.905
302.505
287.455
187.005
292.705
301.455
111.335
197.015
202.825
174.405
276.885
427.805
152.005
364.805
122.885
128.555
124.845
204.155
179.655
148.925
301.805
102.935
128.345
135.975
195.055
393.855
443.205
292.005
63.525
63.245
72.905
134.715
125.825
181.825
59.885
119.315
134.365
160.545
105.105
192.99
102.025
113.015
94.395
124.635
109.249
171.255
145.705
112.875
140.35
208.985
205.205
121.905
227.955
184.835
177.905
185.605
154.455
215.705
317.205
211.505
190.505
174.685
212.555
158.305
172.305
298.305
231.805
289.555
230.405
185.535
262.255
79.275
89.075
131.705
141.155
115.605
145.075
134.505
130.585
208.705
163.205
248.115
250.355
176.715
200.655
246.855
210.805
122.605
191.065
128.555
101.045
159.005
268.205
202.405
127.295
227.045
184.905
257.705
146.405
236.355
157.605
331.205
303.905
353.255
310.905
368.655
293.755
256.585
259.455
201.705
230.545
237.405
391.405
162.855
166.705
150.605
260.645
257.005
282.765
303.905
233.905
271.565
363.545
243.705
199.045
284.305
307.755
168.945
186.445
202.055
184.205
240.905
222.565
276.955
352.205
215.705
227.255
197.505
203.805
186.305
195.545
213.605
169.925
257.705
232.505
239.505
204.015
206.955
161.105
247.345
180.859
198.555
267.505
215.285
270.305
175.805
190.155
240.905
164.045
252.105
441.105
194.005
239.505
338.275
317.905
230.405
321.055
188.405
212.555
204.225
180.705
167.405
220.955
240.905
163.205
189.945
173.565
212.065
179.795
262.955
160.545
226.905
233.765
181.195
202.055
243.565
162.785
246.715
166.285
77.175
163.905
137.655
91.455
177.905
160.895
218.855
230.755
163.905
184.835
184.205
262.605
129.465
134.715
138.705
180.985
164.535
150.745
210.455
259.805
217.455
124.005
174.965
205.205
195.195
267.295
202.055
271.005
276.255
212.555
232.155
147.035
254.205
234.255
129.885
184.205
142.975
234.815
316.925
341.355
227.325
293.405
270.865
218.155
243.355
179.305
306.005
114.975
124.775
169.505
198.205
182.315
180.565
173.005
226.905
151.305
204.925
254.205
164.955
147.035
146.405
301.805
130.795
284.655
237.405
217.805
208.845
191.135
209.965
251.405
215.705
358.505
249.305
125.755
257.005
205.555
250.705
142.205
135.205
128.205
143.745
216.405
227.955
277.305
238.805
196.105
218.505
169.435
173.005
193.725
121.555
146.755
223.405
170.555
244.755
271.215
220.605
206.115
129.675
214.305
185.955
181.125
138.005
142.205
211.855
187.005
141.575
231.245
161.224
175.455
139.475
210.455
121.975
156.205
122.605
175.455
121.205
161.105
176.505
239.715
124.565
208.355
131.705
149.205
139.965
144.935
138.705
163.905
138.075
200.445
216.055
221.795
272.195
272.405
148.505
204.505
141.505
86.205
94.465
61.495
114.975
103.215
93.695
129.815
133.105
129.465
126.245
132.755
198.975
100.905
154.945
182.105
201.705
105.805
121.905
125.755
116.795
156.205
83.615
137.375
187.215
241.605
203.805
124.705
149.905
115.605
125.965
107.275
132.405
128.205
148.505
130.445
139.825
140.105
274.505
228.165
157.045
157.745
199.465
169.365
235.655
268.905
146.405
186.935
230.615
154.595
147.875
121.695
159.915
235.725
159.005
432.705
162.155
146.405
102.585
124.775
193.767
178.815
208.985
169.505
219.835
178.535
144.515
170.905
127.155
184.205
167.405
112.805
149.205
126.105
100.415
75.565
156.205
112.875
130.305
213.605
159.005
188.055
131.635
117.845
156.205
110.145
120.505
135.485
174.825
115.395
131.285
163.205
139.405
322.805
122.045
193.305
184.205
194.705
178.605
166.705
125.755
142.205
124.495
152.705
123.865
229.355
127.155
205.485
226.205
150.605
126.175
142.205
195.825
118.755
265.405
162.085
233.345
186.305
187.775
259.665
139.755
222.355
163.205
180.005
185.955
148.015
265.405
282.765
175.175
159.985
178.605
126.805
163.905
164.605
210.805
105.805
183.925
184.065
169.505
214.305
151.445
120.015
135.205
178.605
191.905
167.405
160.895
138.845
151.725
194.845
153.755
191.205
180.355
138.005
147.805
143.605
199.815
147.105
210.805
201.705
173.705
190.505
199.605
159.635
186.305
196.035
187.705
143.605
159.705
211.225
208.355
212.205
184.485
166.565
204.505
142.835
159.705
178.115
208.005
222.355
170.205
163.205
186.865
218.575
177.275
166.705
213.955
218.855
149.205
222.705
203.455
232.855
216.965
177.205
252.105
61.705
92.155
92.925
193.305
221.865
260.505
342.405
404.355
152.705
208.705
191.905
263.795
247.275
327.005
185.605
287.105
224.665
166.215
209.734
243.705
341.705
205.905
217.105
289.905
227.955
264.705
155.295
240.905
245.455
248.255
110.915
192.955
335.055
228.235
252.315
220.255
193.655
282.905
214.655
170.205
198.905
201.005
193.305
198.205
222.705
273.105
191.205
168.105
176.505
322.455
311.815
135.205
188.545
160.405
109.165
175.105
279.755
159.705
200.025
121.905
137.655
150.745
214.305
339.605
142.205
136.605
199.465
136.255
218.225
265.755
129.325
298.445
202.615
220.255
204.505
134.295
159.285
175.105
168.805
170.415
211.015
126.665
209.055
166.145
200.865
177.205
148.155
240.905
378.805
297.045
326.865
195.055
251.755
208.355
225.645
159.705
257.565
169.365
277.305
133.315
259.805
175.525
238.805
171.605
124.705
284.305
155.295
174.545
250.355
141.365
185.045
177.345
145.985
198.555
132.685
149.905
285.705
132.475
159.705
96.635
189.105
159.705
127.785
147.105
200.655
134.575
124.565
221.445
187.705
170.205
223.965
227.255
323.855
292.005
244.055
136.675
192.885
198.905
96.985
497.315
385.805
315.455
383.005
308.805
266.665
343.105
255.955
335.405
330.505
238.805
266.385
257.005
323.855
339.605
266.805
276.605
302.505
127.785
125.545
229.705
185.605
201.565
198.205
266.805
213.535
222.005
131.005
190.365
233.205
165.725
171.675
214.305
144.655
179.655
95.865
85.505
179.725
173.705
317.205
191.905
192.255
436.205
338.205
240.205
186.865
197.855
293.405
161.105
161.105
155.225
253.855
241.605
319.305
222.705
266.105
234.955
178.605
211.505
188.545
168.595
123.305
201.705
170.695
355.705
210.805
172.515
292.005
234.115
243.985
97.615
138.005
208.705
257.005
267.505
173.425
242.165
174.615
242.305
141.155
274.155
181.755
196.945
226.555
111.965
129.955
251.825
146.615
159.845
127.855
137.375
190.505
138.705
154.385
155.225
127.365
141.225
112.105
184.905
116.095
271.565
124.145
131.705
170.905
135.555
228.935
203.875
131.915
299.005
304.605
185.955
221.655
268.905
229.215
129.955
110.565
120.575
142.905
312.305
96.775
102.935
73.255
94.955
81.095
138.985
126.805
112.665
114.765
111.825
142.905
236.705
196.525
248.605
192.325
187.005
179.375
223.195
151.305
158.655
287.105
193.655
261.905
271.005
255.255
264.705
269.605
269.605
183.505
142.905
163.205
205.555
220.815
187.845
107.905
152.355
106.505
162.365
121.205
130.305
162.785
180.005
159.705
128.905
93.975
95.865
104.545
119.105
167.895
208.705
106.435
155.505
186.585
106.925
108.465
152.355
87.045
95.095
127.505
114.975
93.415
92.715
122.605
128.205
128.205
128.905
128.905
107.415
127.155
127.155
128.205
212.555
210.945
232.855
252.455
67.095
114.275
181.405
248.955
209.566
261.695
181.405
211.855
211.855
111.685
78.155
202.965
243.705
300.405
280.105
405.405
237.405
231.805
110.775
149.205
219.555
134.645
143.255
135.205
240.205
178.675
175.805
263.655
337.505
215.355
357.105
193.305
207.305
108.185
209.405
256.305
124.355
188.405
234.605
284.305
145.705
147.595
167.335
131.145
175.805
130.305
177.905
140.035
117.355
159.705
149.205
96.705
196.595
135.205
124.985
137.41
246.505
196.595
134.274
233.205
121.205
128.205
85.225
114.695
180.705
198.415
110.355
101.955
300.405
156.765
141.645
134.505
134.995
104.405
240.205
175.595
208.005
166.355
135.695
222.705
139.405
187.915
187.495
195.265
198.135
194.075
222.705
206.605
213.675
219.555
237.475
222.285
229.005
230.685
236.355
235.795
238.735
241.605
243.705
201.705
335.405
274.085
125.405
138.285
222.355
224.525
237.265
196.105
240.205
187.705
206.605
93.065
124.705
229.005
92.645
186.655
218.855
110.565
83.685
96.845
183.295
201.005
142.905
128.625
256.655
227.325
229.355
228.305
341.705
282.905
84.105
99.155
96.215
215.355
248.255
221.305
174.335
208.705
185.955
156.765
108.885
265.405
196.315
232.505
277.305
138.985
144.795
174.405
191.905
275.205
147.175
233.205
201.355
117.075
156.555
132.195
144.375
176.785
186.025
215.005
219.205
285.705
302.505
227.815
189.105
127.575
168.035
105.525
101.675
144.655
112.105
182.385
148.995
133.455
146.685
148.505
157.605
174.405
161.455
244.405
173.285
182.805
182.105
177.625
181.475
244.755
321.055
199.255
106.505
169.575
331.905
155.575
153.405
116.515
194.705
247.205
212.205
354.305
187.705
205.205
342.405
247.905
210.105
202.405
194.005
321.405
363.405
277.305
296.905
135.205
92.645
240.905
299.355
255.255
115.185
206.605
142.345
94.325
289.905
172.795
113.295
124.775
138.915
124.705
299.705
250.705
195.755
153.615
204.155
97.405
177.205
190.015
206.815
120.505
286.055
130.025
249.375
203.105
201.355
275.205
166.705
115.605
109.095
174.405
139.335
185.71
206.605
127.505
412.405
166.005
128.135
165.375
104.335
115.885
111.895
221.305
221.655
155.085
227.255
231.805
246.855
202.405
169.225
194.005
182.105
236.005
310.205
286.405
153.405
345.205
390.705
259.105
284.305
356.405
97.615
242.655
252.105
257.005
260.505
263.305
267.505
235.655
99.925
148.085
209.405
327.705
198.205
179.865
303.905
184.205
306.005
289.905
297.605
135.205
145.215
135.205
282.555
162.365
177.205
134.995
348.705
97.195
97.195
211.155
156.205
156.415
117.215
191.205
198.205
241.605
138.705
140.385
213.255
92.155
113.225
395.605
128.555
142.205
101.955
231.105
98.105
215.005
231.805
138.005
206.115
161.105
150.955
279.405
243.005
177.205
202.405
107.205
308.805
91.525
159.705
296.205
217.105
123.935
159.775
262.605
255.255
275.205
317.205
196.245
214.305
187.355
170.205
311.605
139.195
128.205
204.155
211.505
140.105
233.905
119.245
194.005
180.005
205.905
322.805
187.705
199.255
121.205
121.205
128.205
282.905
156.975
196.525
271.355
204.155
110.635
184.345
213.255
279.405
176.505
190.855
196.105
120.505
95.585
122.605
239.505
184.765
138.005
251.755
230.755
108.395
401.205
261.205
268.205
189.245
129.815
153.405
275.205
291.305
118.405
114.555
95.585
125.545
243.705
128.205
112.805
266.805
107.205
109.445
111.825
120.365
121.695
119.735
245.805
249.655
162.505
289.205
226.205
207.305
275.205
294.105
279.405
177.205
282.205
254.555
311.605
303.205
267.855
104.265
130.795
287.805
143.605
122.605
163.205
194.705
136.745
240.905
252.105
205.205
117.705
159.285
358.505
98.875
217.805
213.605
142.205
214.585
156.205
251.405
233.205
277.655
213.605
305.305
301.805
208.705
252.105
225.715
231.105
224.105
230.405
308.035
226.205
333.305
229.005
164.605
272.405
338.905
297.605
280.805
258.615
306.705
302.715
269.605
240.205
240.905
429.905
303.555
312.305
218.505
219.555
229.705
224.105
257.705
348.635
264.705
246.505
228.655
285.565
245.595
264.005
228.305
314.405
284.305
315.455
322.105
224.105
261.415
314.055
223.405
289.905
284.165
262.605
228.305
324.905
310.205
304.255
246.155
244.335
315.105
271.705
289.905
272.405
252.805
284.235
266.105
304.535
260.505
276.605
196.651
205.205
238.224
220.983
259.805
176.372
179.655
183.505
183.505
216.111
250.705
250.705
204.155
159.292
201.502
179.305
181.307
205.205
245.021
312.305
326.732
346.934
192.143
184.632
184.632
184.632
184.632
210.91
203.805
213.255
209.055
235.081
278.838
275.219
254.359
299.95
164.311
167.671
186.872
195.23
165.305
197.792
235.942
244.944
245.742
248.346
330.526
172.62
178.234
184.065
217.07
209.405
220.017
180.565
197.428
270.305
205.821
235.956
238.357
255.199
252.196
255.199
268.87
254.772
270.921
334.32
191.786
186.977
173.005
236.355
260.274
215.516
295.505
281.505
295.505
326.305
160.734
171.556
184.989
189.525
184.989
163.002
195.818
210.525
225.295
228.585
214.011
283.605
214.333
185.178
169.078
185.178
192.99
197.526
192.99
197.498
211.687
171.29
243.579
221.2
266.777
231.322
230.601
216.048
237.062
231.994
231.854
213.668
245.084
260.918
276.528
276.528
338.114
198.079
281.855
296.548
172.788
308.742
300.104
201.243
196.616
210.616
261.247
286.209
204.442
207.879
239.309
201.481
258.02
263.088
281.505
275.023
231.77
290.248
305.963
190.001
182.84
186.417
162.995
165.599
208.299
205.387
200.802
205.345
197.778
227.451
396.613
227.521
224.931
176.197
211.834
225.582
284.76
261.086
254.996
294.672
291.928
185.542
188.685
211.855
206.528
223.293
248.85
221.333
251.566
260.47
261.849
294.714
274.47
392.105
282.058
282.912
198.555
220.038
205.079
261.324
236.705
281.323
262.206
303.478
324.562
336.658
348.047
217.329
218.197
284.571
213.157
294.574
310.709
219.926
222.278
182.035
197.799
212.905
234.647
184.226
176.54
184.226
232.365
233.828
236.404
239.89
291.676
221.396
273.091
256.788
279.265
267.61
262.731
287.588
281.855
309.155
249.564
251.209
259.119
249.697
275.177
302.19
289.905
275.205
212.947
251.405
264.355
237.251
276.766
283.57
279.279
298.928
222.18
197.386
237.447
218.729
237.447
244.034
231.105
280.231
320.649
243.355
225.428
300.447
218.246
229.705
164.416
287.154
307.902
190.47
205.674
241.535
237.846
192.073
176.848
192.073
228.305
243.985
257.656
272.601
283.703
204.015
344.771
222.705
195.132
249.984
227.451
259.707
221.536
259.707
258.293
244.405
268.408
288.183
283.577
296.576
261.373
234.094
255.598
236.705
226.1
212.555
237.398
212.555
257.32
272.349
265.258
282.044
380.205
285.39
294.364
271.208
290.486
301.42
214.998
224.175
244.468
259.007
233.905
236.159
260.393
287.42
294.469
262.423
250.572
274.253
215.355
259.56
296.982
296.093
249.291
164.549
286.286
248.171
249.571
283.661
363.636
263.004
288.995
278.705
277.214
310.835
293.559
245.602
244.349
265.384
254.205
277.795
262.213
265.083
253.68
281.505
273.56
342.405
271.159
280.595
293.244
302.862
355.271
236.635
215.789
222.299
222.299
257.194
265.083
267.897
251.293
261.345
276.381
296.737
284.13
268.597
278.565
297.773
283.871
202.972
240.373
252.203
262.738
256.865
259.784
297.052
177.527
286.468
295.022
275.842
318.787
213.654
327.705
315.7
283.598
253.792
285.341
296.044
179.249
185.997
223.461
297.871
251.363
228.347
248.339
269.318
216.006
237.041
250.124
288.358
314.391
305.774
279.503
319.9
251.748
403.718
283.325
288.596
254.905
289.205
278.705
312.277
310.205
296.212
327.355
360.955
330.505
359.842
371.231
392.329
257.502
286.335
293.972
294.161
296.345
253.505
216.769
203.763
283.535
254.317
220.57
227.682
275.772
286.251
271.495
284.095
254.17
253.988
220.759
265.825
341.642
279.944
263.557
348.026
300.874
244.041
292.635
270.872
280.224
291.403
304.304
230.755
320.733
342.916
241.045
342.916
281.106
287.693
281.155
259.175
285.418
283.276
302.155
308.973
304.486
314.692
359.555
241.955
363.657
263.613
299.341
371.371
268.982
249.529
261.604
300.405
236.348
227.556
293.993
313.152
288.638
288.652
299.628
207.494
235.676
314.405
356.846
179.193
218.393
266.616
293.335
205.968
278.509
309.673
300.902
352.184
257.46
289.345
275.156
301.903
286.412
319.487
332.367
369.46
259.798
289.072
284.662
298.606
317.359
321.454
317.359
268.072
286.342
279.111
293.405
288.799
290.703
282.072
317.835
305.221
302.638
293.489
255.129
276.024
306.425
289.912
346.213
324.793
327.425
277.459
305.004
307.608
284.41
312.165
332.528
257.047
292.691
321.426
300.412
314.867
296.051
337.505
284.795
298.858
324.73
282.408
292.936
277.326
285.355
321.069
392.805
345.821
341.516
271.719
299.103
281.771
294.602
287.644
293.51
322.658
307.818
308.441
326.599
285.005
264.348
266.945
426.79
297.605
302.505
280.014
298.753
282.205
268.191
281.547
293.671
289.793
305.669
286.118
313.565
297.374
313.565
297.374
323.211
334.068
341.194
334.257
308.483
281.085
186.515
324.429
288.043
243.194
261.156
279.622
387.338
310.373
237.769
271.075
206.71
251.902
278.201
278.747
304.08
313.516
311.64
320.418
405.951
436.093
295.806
339.297
339.297
362.075
383.173
291.998
302.925
300.209
299.25
268.268
297.304
293.174
326.452
294.021
309.253
285.292
282.373
296.975
297.507
312.151
328.58
386.946
303.527
283.997
309.449
315.434
322.336
307.335
301.21
305.053
305.62
314.881
348.278
265.734
348.278
303.1
361.291
334.411
410.606
282.758
272.958
295.533
343.385
341.845
345.793
266.098
265.237
322.882
321.356
322.553
259.791
436.093
289.786
335.454
322.385
313.614
324.254
356.489
308.336
304.892
314.587
293.671
311.052
335.405
315.945
288.547
305.858
337.757
343.357
345.639
315.84
285.18
239.813
235.676
290.843
320.194
317.17
381.612
320.271
318.682
307.251
312.298
315.945
352.184
288.001
346.675
392.217
343.126
294.343
313.425
332.325
341.096
341.096
395.409
219.212
305.452
333.088
306.299
199.577
296.373
325.563
343.049
308.371
339.934
301.504
338.87
349.118
371.896
309.785
321.944
348.054
328.867
356.405
324.737
349.44
298.627
285.033
297.472
284.662
336.679
293.629
301.903
302.834
333.48
313.229
331.079
431.326
345.051
319.522
341.67
320.558
348.929
313.376
327.32
320.432
349.146
322.161
300.629
357.609
336.721
321.454
304.164
326.753
309.463
371.833
357.021
352.45
350.7
282.03
205.079
320.397
347.522
342.951
312.879
368.977
356.699
333.872
352.03
330.351
332.276
339.836
339.143
360.815
373.807
312.158
349.692
312.963
387.716
310.555
344.813
325.871
296.009
304.605
345.926
294.441
314.867
343.511
285.222
361.452
364.287
358.26
367.983
367.843
373.506
322.756
320.236
347.305
348.733
345.541
436.093
341.355
348.278
342.454
436.093
305.403
289.849
362.698
344.379
408.373
330.862
334.775
326.746
333.76
310.289
347.305
334.537
392.812
431.319
389.802
367.108
379.26
337.491
328.16
333.767
389.809
436.093
334.362
436.093
346.535
347.599
370.797
376.649
389.48
378.497
356.608
402.563
405.006
347.466
436.093
436.093
380.548
418.859
436.093
430.71
