-4.229147988357856
-7.716698771296451
-0.373659632624958
-0.507239610973163
-6.950781977329818
-2.962573502059376
-2.616184634019569
-3.563837352959244
-7.087246696328677
-1.195179321278838
-3.024568191490737
-2.939302159646388
-0.634512015109100
-4.684029654543083
-1.732828271596986
-1.772113295386327
-6.344861565188618
-3.142064735280571
-3.725842150736320
-0.735182176990464
-1.628932137728264
-0.602059991327962
-1.357535479757879
-6.309803919971486
-1.138465589140962
-1.917214629683550
-5.073143291050307
-3.882728704344236
-6.042392712939905
0.744292983122676
-0.809668301829709
-1.732828271596986
-1.232102383981909
-2.278189384787453
-2.073143291050308
-2.978810700930062
-3.777283528852417
-2.401209493236885
-4.132532512140949
-4.655607726314889
-3.545155139991490
0.567026366159060
-5.677780705266080
-5.903089986991944
-3.616184634019569
-6.092588639225414
-2.616184634019569
-2.472370099128661
-7.235823867609669
-2.510041520575165
-1.404503778174426
-0.772113295386326
-4.718966632752273
-0.906578314837765
-2.055517327849831
-1.464705879957229
-4.829738284605043
-1.950781977329818
-2.494850021680094
-3.844663962534938
-4.835647144215563
-1.355561410532161
-2.162411561764489
-6.131355561605174
-5.696803942579511
-0.806875401645538
-4.514278573518420
-4.863279432843593
-4.407823242604133
-5.987162775294828
-2.764471553092451
-1.987162775294828
-1.576754126063192
-3.844663962534938
-3.896196279044043
-5.586700235918748
0.271841606536499
0.000000000000000
-1.222573177610689
-5.261219441515631
-2.607303046740334
0.214843848047698
-1.363512103646635
-1.593459819566045
-3.287350298372789
-1.694648630553376
-1.779891911959945
-5.067526235322847
-7.910094888560602
-1.821023052706831
-2.559090917934782
0.173186268412274
-5.649751981665837
-1.111820506081675
-4.853871964321762
-3.416801226031377
-6.482804102050026
-0.991399828238082
-1.320572103387881
-3.705533773838407
-5.530177984021837
-5.555955204081924
-5.302770657240282
-3.742321425130815
-2.181114585405990
-8.798602875679549
-3.500312917381596
-0.394694953858891
-0.835647144215563
-4.146301788223826
-3.899629454882437
-1.251811972993800
-4.987162775294828
-4.892790030352131
1.953759691733229
-1.403402904373540
-0.422508200162775
-1.892790030352132
-1.316052869248488
-10.568636235841012
-4.354577730650908
-4.707743928643524
-2.185086818724926
0.740362689494244
-5.534617148551582
-4.586700235918748
-2.322393047279507
-3.210419287835574
-2.494850021680094
1.703291378118661
1.622214022966295
-1.537602002101044
-5.336299074610352
-4.271646217978772
-3.562249437179612
-3.200659450546418
-5.767003889607846
-6.621602099051862
-4.219682687859849
-1.528708288941061
-3.195860567664650
-2.752026733638193
-4.588380294036770
-5.507239610973163
-7.886056647693163
-0.939302159646388
-2.892790030352132
-4.355561410532162
-2.899629454882437
1.878521795501207
-3.253365801062421
-1.249491605148654
-3.092051478387728
-5.436518914605589
-2.703334809738469
-5.311580177997289
-4.705533773838407
-3.614393726401688
1.471291711058939
-1.204815410317576
-3.262012673666569
-3.019996628416254
-2.829738284605043
-5.603800652904264
-1.095825631715837
0.307496037913213
-4.517126416391246
0.269512944217916
-0.214670164989233
-3.307153080722770
-6.401209493236885
-2.521433504406156
-2.400116927926312
-0.486782399932061
-4.068033885271827
-2.850780887344620
-3.003050751504619
0.252853030979893
-5.387216143280265
-1.434152181326482
-1.283996656365201
-0.231361898752386
-2.110698297493690
-2.430626090384954
-1.838631997765025
-5.860120913598763
-3.534617148551582
-1.578396073130169
-1.603800652904264
-1.943095148663527
-4.838631997765025
-1.065501548756432
-1.175874166083451
-3.510041520575165
-4.742321425130815
-5.899629454882438
-0.274088367704952
-2.543633966870957
-2.779891911959945
-4.910094888560602
-9.145086977692145
-5.344861565188618
-4.661543506395395
-0.347753658996677
-0.273272790973428
-0.974694134735230
-1.184422251675733
1.093421685162235
-5.841637507904751
-3.417936637088291
-2.777283528852417
-1.364516253185088
-3.244887733604929
-0.182434630440219
-3.000000000000000
-5.721246399047171
0.079181246047625
-4.089375595110798
-1.671620396561262
-5.296708621881339
-1.539102157243452
-3.206209615309181
-5.224025668870631
-0.801342913045577
-2.512861624522813
-4.663540266151471
-2.447331783887807
-5.235823867609669
-0.214670164989233
-1.454692883534176
-2.263603497723357
-5.168130225719498
-2.560667306169738
-2.928117992693875
-7.293282217663242
-6.206209615309182
-3.267606240177031
-0.593459819566045
-7.037157318798758
-0.159266765388193
-2.270025714300445
-4.001304841688344
-7.238072161579471
-3.970616222314790
-5.127843727251707
-3.663540266151470
1.232996110392154
-3.018634490921456
-6.143875555757700
-4.752026733638194
2.037426497940624
-1.630784142589857
-3.419075024324381
-2.443697499232713
-2.153044674980176
-5.005243055412372
-2.469800301796918
-1.494850021680094
-0.793174123968150
-3.002613615602687
-2.265200170411153
-5.514278573518420
-6.329754146925876
-3.155522824254319
-2.266802734893431
-5.767003889607846
-5.602059991327963
-3.110698297493690
2.492760389026837
-5.060980223551334
-1.866461091629783
-5.649751981665837
-5.853871964321762
-3.181774106386045
-6.860120913598763
-7.321481620959887
2.468347330412157
-5.118045028660400
-4.782516055786093
-3.636388020107856
-1.003050751504619
-0.889410289700751
-8.211124884224583
-5.634512015109101
-1.756961951313706
-4.071092309756048
-4.917214629683550
-6.958607314841775
-3.052566278112949
-1.860120913598764
-2.876148359032914
-4.364516253185088
2.330413773349191
0.133538908370218
-4.899629454882438
1.324282455297693
-1.378823718224965
-1.076755981369723
-0.244887733604929
-5.106793246940152
-3.567030709125594
-3.316952961761150
-1.381951903287907
-0.640164517660112
-5.060980223551334
-2.001304841688344
-5.072116589669293
-2.110138278741811
-3.519993057042849
-5.392544976785332
-1.872895201635192
-6.844663962534939
-2.826813731587726
-2.590066876668705
-1.920818753952375
-1.300162274132754
-1.931814138253838
-7.844663962534939
-2.777283528852417
-5.995678626217358
-0.785156151952302
-1.906578314837765
-0.258060922270801
-2.651695136951839
-4.142064735280571
-0.304518323509803
-3.829738284605043
-4.924453038607469
-2.151810883008601
-1.156144577376839
-1.593459819566045
-2.282329496997738
-4.651695136951839
-2.665546248849069
-6.316952961761150
-3.321481620959886
-2.449771646944906
-5.619788758288394
-1.602059991327962
-4.069560405233300
-2.614393726401688
-5.892790030352131
-3.174573882232177
-2.168770306132937
-4.001304841688344
-1.793174123968150
-3.486782399932061
-4.943095148663527
-1.279840696594043
-3.476253533188435
-1.712198270069774
-6.067526235322847
-1.563837352959244
-4.415668775632470
-4.131943638176958
-2.087246696328677
-1.705533773838407
-4.273272790973428
-3.339134521996131
-2.943095148663527
1.000000000000000
-2.531652669587843
-6.301899454376610
-3.213248577854439
-1.381951903287907
-1.455931955649724
-3.667561540084395
-3.549750891680639
-2.995678626217357
-2.267606240177031
-1.970616222314790
-4.690369832574101
-2.829738284605043
-4.293282217663242
-6.737548910269570
-1.321481620959886
-3.896196279044043
-4.250263684430939
-2.307153080722770
-2.260427655549908
-2.737548910269571
-3.576754126063192
-1.076238039171300
-0.498940737782249
-0.928117992693875
-5.896196279044043
-3.850780887344620
-2.645891560852599
-2.155522824254319
-5.686132779630847
-1.272458742971444
-3.367542707815276
-3.177831920631982
-2.505845405981557
-1.958607314841775
-3.812479279163537
-2.032452023781138
-3.032452023781138
1.012837224705172
-0.436518914605589
-1.767003889607846
-2.432973633840940
-4.869666231504994
-1.046240308266771
-2.752026733638193
-0.149353764816933
0.911157608739977
-2.489454989793388
-2.343901797987168
-0.958607314841775
-1.723538195826756
-2.043351420794797
-6.540607512240769
-3.866461091629783
-0.823908740944319
-1.886056647693163
-1.154281982033341
-1.698970004336019
-1.614393726401688
-1.694648630553376
-0.958607314841775
-0.009661145212399
-6.078313524516398
0.612783856719735
-1.052566278112949
-3.271646217978772
-0.325138859262188
-3.804100347590766
-3.159266765388193
-4.338187314462739
1.942504106168081
0.758911892397974
-1.714442690992226
-1.829738284605043
-2.562249437179612
-2.910094888560602
-2.585026652029182
-1.258848401148215
-3.785156151952302
-1.362510270487489
-6.279014255846261
-2.692503962086787
-4.181774106386045
-2.074687908500350
-0.850780887344620
-4.761953896871205
-4.089375595110798
0.029383777685210
1.267171728403014
-3.090979145788844
-1.847711655616944
-2.798602875679549
-5.528708288941061
-2.705533773838407
-1.218244625347531
-3.316952961761150
-3.095284454721319
-0.284832642151542
-0.673664139071249
-7.247951552180561
-2.314258261397736
-2.191789027075778
-4.130181792020672
-3.970616222314790
-3.962573502059376
-0.754487332185850
-10.216096420727265
-5.370590400897281
-2.847711655616944
0.103803720955957
-4.703334809738469
-5.621602099051862
-6.542118103266008
-5.293282217663241
-3.137272471682025
-2.806875401645538
-3.283162276700475
-3.943095148663527
-4.684029654543083
-4.551293680094920
-0.764471553092451
-5.527243550682788
-3.600326278518962
-2.826813731587726
-4.524328811675570
-1.476253533188435
-0.406713932979543
-1.443697499232713
-4.759450751717401
-2.675717544702307
-3.790484985457369
-2.340083799930150
1.910624404889201
-2.131355561605174
-4.085656842880559
-6.059981844992337
-0.732828271596986
-1.790484985457369
-3.619788758288394
-1.677780705266081
-1.122628654130226
-6.679853713888946
-1.492144128304169
-2.872895201635192
-4.179142010560300
-4.705533773838407
-1.838631997765025
1.421603926869831
-0.617982957425132
-3.546681659952962
-6.293282217663241
-5.593459819566045
-3.621602099051862
-5.714442690992226
-6.365522729839268
-3.149353764816933
-4.489454989793388
-9.305394801066431
-1.950781977329818
-5.308918507877031
-1.928117992693875
-2.570247719997592
-5.609064892896621
-4.072629636960976
-0.050122295963125
-1.732828271596986
-3.653647025549361
-1.064996848546345
-6.331614083310000
-5.551293680094920
-3.115771230367396
-7.164943898279883
-1.019542107723900
-3.042392712939905
-0.935542010773082
-2.266802734893431
-0.408935392973501
-3.066006836168758
-1.779891911959945
-1.140261433802853
-3.072116589669293
-3.939302159646388
0.619093330626743
-3.054039296422431
-0.688246138944246
-3.332547047110046
-3.427128397799520
-4.216096420727265
-2.511449283499556
-1.362510270487489
-2.806875401645538
-5.143271109617118
-6.086716098239582
-5.103473782510445
-1.028260409112222
-2.207608310501746
-3.440093374963888
-0.546681659952962
-0.605548319173784
2.296665190261531
-5.856985199745905
-1.545155139991490
1.931966114728173
-2.391473966422806
-1.329754146925876
-3.347753658996677
-4.653647025549361
-0.946921556516580
-3.243363891754152
-5.460923901207224
-5.950781977329818
-1.385102783966865
-3.344861565188618
-4.501689446210399
-5.663540266151471
-2.001304841688344
-0.047691990337875
0.559906625036113
-7.675717544702307
-2.754487332185850
0.549003262025788
-3.377785977033705
-0.371611069949688
-4.000000000000000
-3.415668775632469
-3.508638306165727
-1.793174123968150
-6.742321425130815
-7.003926345514724
-1.505845405981557
-2.958607314841775
0.298853076409707
-0.289036881004724
-6.098541678603888
-3.471083299722345
-5.829738284605043
-2.187755303199631
-3.311580177997290
-1.632644078973981
-5.088842391260023
-2.388276691992658
-4.707743928643524
-4.835647144215563
-2.522878745280337
-6.583359492661719
-2.531652669587843
-1.010105436281227
-1.099632871343530
-1.512861624522813
-3.014573525916998
-1.910094888560602
-4.073143291050307
1.287801729930226
-2.673664139071249
-1.440093374963888
-2.539102157243452
-4.035740369803151
-3.378823718224965
-3.598599459218456
0.778151250383644
-0.021363051615526
0.967079734144497
-3.804100347590766
-2.248720896016658
-6.690369832574102
-3.257274868695302
-3.642065152999546
-1.853871964321762
-3.588380294036770
-1.663540266151470
-5.804100347590766
-2.477555766493680
-6.222573177610689
-3.712198270069774
-0.647817481888638
-0.698970004336019
-5.142064735280571
-3.308918507877031
-1.448550002027125
-3.602059991327963
-0.614393726401688
-2.978810700930062
-1.045275209020937
-4.987162775294828
-3.442492798094342
-4.417936637088292
-6.118045028660400
-3.581698708680254
-2.793174123968150
-2.421360790031928
-4.595166283380062
-0.221125527997260
-3.205511953340830
-0.684029654543082
-4.244125144327509
-5.099086932262331
-5.571865205971211
-2.486782399932061
-5.165579296318468
-4.254144804826272
-2.291579099865287
-2.136677139879544
-4.128427064454121
-0.701146923590293
-6.725842150736320
-2.772113295386327
0.622214022966295
-2.175223537524454
-5.551293680094920
-7.647817481888637
0.517195897949974
-3.316952961761150
-2.335358024443874
-2.284832642151542
-0.943095148663527
1.454844860008510
-7.088309841246139
-0.761953896871205
-3.303643611266668
-3.000000000000000
-1.567030709125594
-5.008773924307505
-5.782516055786093
0.518513939877887
-2.899629454882437
-2.105683937315562
-1.939302159646388
-1.640164517660112
-5.242603971206976
-2.101823516502324
-0.454692883534176
-2.617982957425132
-5.630784142589857
-4.158015195409886
-1.585026652029182
-2.663540266151470
-0.640164517660112
-1.140261433802853
-3.276544327964814
-3.829738284605043
-6.021819483062586
-2.226213555018806
-4.189767482004916
-4.657577319177793
-2.716698771296450
2.902546779313991
-4.037630664329979
-3.570247719997592
-5.872895201635193
-2.395773946915530
-2.201349354554731
-5.826813731587726
-0.267606240177031
0.181843587944773
-2.472370099128661
-1.463441557428470
-6.725842150736320
-2.447331783887807
-3.022733787572707
-4.211124884224583
-6.575118363368933
-2.078313524516398
-5.137868620686963
-2.809668301829709
-0.655607726314889
-5.326058001365912
-4.133712660915805
-1.739928612014925
-2.853871964321762
-3.543633966870957
-3.739928612014925
-4.391473966422806
1.705863712283919
-4.333482019445119
-4.609064892896621
-7.752026733638194
-6.974694134735230
-0.962573502059376
-2.119758224104519
-2.171984935776023
-10.649751981665837
-3.595166283380062
-1.299296282854981
-1.844663962534938
-2.954677021213342
-4.438898616350944
-3.344861565188618
-4.562249437179612
-5.450996737974212
-5.016373712875465
-3.441291429466834
-1.853871964321762
-4.798602875679548
2.948901760970214
-4.619788758288394
-4.586700235918748
-6.412289034981089
3.049218022670181
-4.970616222314790
-1.372634143407267
-2.484126156288321
-1.357535479757879
-1.364516253185088
-4.449771646944906
-1.962573502059376
-0.924453038607469
0.017033339298780
-4.369572124974976
-5.189095719331299
-3.332547047110046
0.695481676490197
-3.367542707815276
-1.023191662661934
-5.071092309756048
-4.518557371497695
-2.000000000000000
-1.182434630440219
-4.132532512140949
-5.402304814074488
-3.595166283380062
-2.462180904926726
-4.939302159646388
-2.156767221901990
-1.812479279163537
-1.669586226650809
-1.958607314841775
-3.309803919971486
-1.350665141287858
-4.723538195826756
-3.238824186844269
-3.004364805402450
-1.829738284605043
-3.826813731587726
-5.246416941107094
-1.484126156288321
-3.119758224104519
-3.804100347590766
-3.793174123968150
-0.320572103387881
-3.370590400897281
-2.812479279163537
-3.127261172527331
-3.728158393463501
-3.406713932979543
-2.421360790031928
-4.234331445240985
-0.970616222314790
1.045322978786657
-5.987162775294828
-2.917214629683550
-5.605548319173784
-2.443697499232713
-3.455931955649724
-3.102922996790580
-3.617982957425132
-4.022276394711152
1.618048096712093
-2.991399828238082
-0.844663962534938
-6.987162775294828
-6.440093374963888
-4.169411331314856
-3.954677021213342
-3.787812395596042
-1.910094888560602
-6.000000000000000
-2.179798540514360
1.093421685162235
-6.524328811675570
-2.182434630440219
-5.605548319173784
-6.169411331314856
-5.285670240254767
-4.228412519118745
0.204119982655925
1.190331698170291
-3.655607726314889
-1.847711655616944
-1.643974142806877
-0.077793722560984
-1.101274818410507
-0.508638306165727
-2.181114585405990
-3.552841968657781
0.338456493604605
-2.991399828238082
-2.341035157335565
-4.218963061378868
-3.235077015350111
-4.284832642151542
-2.575118363368933
-5.501689446210399
-5.114638779968488
-6.853871964321762
-4.653647025549361
-4.024108863598207
-2.721246399047171
-2.583359492661719
-3.320572103387881
-8.505845405981557
-1.332547047110046
-5.014573525916998
-4.137868620686963
-2.764471553092451
-4.103473782510445
-0.705533773838407
-2.476253533188435
0.514547752660286
-4.112945621949043
-5.471083299722345
-2.414539270491499
-3.515700160653214
-2.074687908500350
-5.503070351926785
-1.200659450546418
-2.188424994129407
-2.835647144215563
-1.342944147142896
-0.690369832574101
-3.311580177997290
-4.675717544702307
-5.681936665037238
-5.490797477668897
-1.850780887344620
-2.896196279044043
-0.600326278518962
-2.052566278112949
-2.563837352959244
-1.104025267640935
-2.449771646944906
-2.913640169325252
-3.943095148663527
-6.141462802430361
-3.231361898752386
-4.823908740944319
-3.420216403383190
-5.560667306169737
-2.954677021213342
-6.100179497572904
1.290034611362518
-2.478861916295964
-2.038578905933552
0.089905111439398
-4.171984935776023
0.880241775895480
-4.920818753952375
-3.747146969020107
-2.787812395596042
-3.118615343229427
-3.025488307262671
-5.131943638176958
-5.015022873584507
-1.675717544702307
-4.199282921717615
-1.943095148663527
-1.703334809738469
-0.390405590774780
-5.651695136951839
-3.623423042943488
-2.974694134735230
-2.298432014944073
-3.285670240254767
-0.508638306165727
-4.630784142589857
-1.806875401645538
-5.063486257521107
0.158362492095250
-4.032452023781138
-2.742321425130815
-6.555955204081924
-0.772113295386326
-5.555955204081924
-3.170696227168975
-4.931814138253839
-2.742321425130815
-3.424812155072339
0.803457115648414
-2.767003889607846
-6.327902142064283
-1.692503962086787
-2.016373712875466
-2.725842150736320
-2.099086932262331
-2.294136287716081
-2.013676222949234
-0.896196279044043
-3.974694134735230
-2.489454989793388
0.071882007306125
-6.063486257521107
-2.324221658325915
-6.546681659952962
-4.950781977329818
-2.621602099051862
-4.494850021680094
-3.269217724333611
-3.118045028660399
-3.714442690992226
-1.519993057042849
-2.995678626217357
-6.754487332185851
-4.294992040666664
-3.769551078621726
-3.353596273776930
-2.428291168191313
-3.533132379645890
-6.408935392973500
-5.869666231504993
-2.414539270491499
-3.772113295386327
-1.422508200162775
1.315970345456918
-2.759450751717400
-2.958607314841775
-4.761953896871205
-4.531652669587842
-2.482804102050026
-5.950781977329818
-1.054531414868180
-1.387216143280265
-2.061980902523790
-2.653647025549361
-3.600326278518962
-1.489454989793388
-2.180456064458131
0.636487896353365
-2.557520230935551
-2.507239610973163
-3.363512103646634
-2.283162276700475
-2.000000000000000
-4.625251653989896
-3.744727494896694
-4.332547047110046
-0.580044251510242
-3.302770657240282
2.045322978786658
-0.552841968657781
-4.046240308266771
-2.832682665251824
-4.438898616350944
-1.844663962534938
-4.838631997765025
-1.052566278112949
-4.027797161620936
-1.913640169325252
-2.072116589669293
-1.636388020107856
-0.101823516502323
-3.503070351926785
-4.309803919971486
-1.247183568811729
-3.525783735923745
-0.995678626217357
-4.446116973356125
-2.066512712151295
-4.709965388637482
-4.716698771296451
-3.023191662661934
-2.366531544420413
-1.214670164989233
-1.640164517660112
-5.515700160653214
-5.659555885159882
-3.202732459169284
-6.023191662661934
-2.103473782510445
-2.076755981369724
-2.287350298372789
-2.694648630553376
-4.935542010773082
-6.078313524516398
-3.169411331314856
-1.735182176990464
-1.086716098239582
1.551449997972875
-2.575118363368933
-2.006563769502388
-9.525783735923746
-3.958607314841775
-1.950781977329818
-2.448550002027125
-0.233587152887601
-5.370590400897281
-1.844663962534938
-0.559090917934782
-2.037157318798758
-5.801342913045578
-2.350665141287858
-1.171984935776023
-1.458420756053419
-3.291579099865287
-2.457174573040820
-3.315154638355588
0.225309281725863
-1.886056647693163
-4.464705879957229
-3.026872146400301
1.390935107103379
-5.804100347590766
-2.114073660198569
-1.847711655616944
-2.211831628858832
-2.235823867609669
-5.137272471682025
-2.703334809738469
-3.716698771296450
0.130333768495006
-3.381951903287907
-3.266802734893431
-2.609064892896621
-5.423658649794207
-3.543633966870957
-4.935542010773082
-2.384049948343599
-2.504455662453552
0.110589710299249
1.705007959333336
-0.272458742971444
-7.183758700008217
-5.892790030352131
-9.524328811675570
-4.752026733638194
-4.218244625347531
-0.492144128304169
-3.777283528852417
-0.160521952625802
-2.251037138743838
-6.528708288941061
-3.892790030352132
-3.928117992693875
-2.432973633840940
-1.970616222314790
0.877946951629188
-2.546681659952962
-2.151195298948196
-1.424812155072339
-5.568636235841013
-2.369572124974976
-1.632644078973981
0.525044807036845
-2.413412695328245
-3.501689446210400
-4.847711655616943
-7.115204636051019
-5.866461091629782
-1.428291168191312
-1.667561540084395
-2.560667306169738
-1.671620396561262
-1.463441557428470
-4.920818753952375
-6.218963061378868
-3.886056647693163
-6.025028005701931
-7.138465589140962
-4.515700160653214
-6.347753658996677
-0.583359492661719
-4.472370099128661
0.000000000000000
-3.498940737782248
-2.686132779630847
-1.694648630553376
-1.924453038607469
-3.238072161579471
-4.486782399932061
-4.709965388637482
-0.031517051446065
-2.698970004336019
-5.195860567664649
-3.025028005701931
-3.198596289982645
-3.422508200162774
-2.684029654543082
-4.630784142589857
-2.013676222949234
-5.343901797987169
-4.403402904373539
-2.962573502059376
-3.447331783887807
1.768638101247614
-3.427128397799520
-1.575118363368933
-4.384049948343599
-9.305394801066431
-5.194499141841600
-4.420216403383190
-5.913640169325252
-0.856985199745905
-3.555955204081924
-2.642065152999546
-5.665546248849069
1.853089529851865
-4.315154638355588
1.356025857193123
-6.716698771296451
-1.321481620959886
-1.317854923626168
-1.342944147142896
-1.058985756294430
-1.120904120499927
-6.155522824254319
-6.171340103464680
-1.913640169325252
-6.112945621949043
-3.991399828238082
-2.072629636960976
-3.153044674980176
-2.256490235271570
-3.380906669373257
-2.424812155072339
-5.032920265855503
-4.274905478918531
-2.567030709125594
-1.841637507904750
0.217483944213906
-1.709965388637482
-4.331614083310000
-2.607303046740334
-3.222573177610689
-5.442492798094342
-3.630784142589857
-2.136082623042140
-1.175223537524454
-7.424812155072339
-0.540607512240769
-1.928117992693875
-3.910094888560602
-0.684029654543082
-5.903089986991944
-2.612610173661271
-6.621602099051862
-1.369572124974976
0.866287339084195
-5.809668301829708
-3.215382707367125
-3.266802734893431
-5.431798275933005
-2.335358024443874
-0.057991946977687
-0.677780705266081
-1.863279432843593
-1.034328028779893
-1.928117992693875
-3.735182176990464
-0.850780887344620
-2.832682665251824
-0.091514981121350
-2.716698771296450
-3.140261433802853
-1.301029995663981
-2.185752404268080
-0.525783735923745
-0.283162276700476
-6.522878745280337
-2.910094888560602
-2.182434630440219
-0.482804102050026
-2.872895201635192
-0.701146923590293
-0.787812395596042
-1.772113295386327
-2.164943898279884
-0.161780778092374
-0.084600164787730
-1.423658649794207
-3.078833949362261
-0.943095148663527
-1.500312917381596
-9.593459819566045
-5.663540266151471
-3.835647144215563
-3.705533773838407
0.758911892397974
-2.707743928643524
-4.046240308266771
-2.892790030352132
-1.104577453960592
-1.568636235841013
0.127104798364808
-0.903089986991944
-2.872895201635192
-1.263603497723358
-5.266802734893431
-4.518557371497695
-3.245651664288981
-2.866461091629783
-0.595166283380062
0.888179493918325
-0.632644078973981
-1.154281982033341
-2.360513510731414
-3.241088107602026
-2.779891911959945
-5.289882634888183
-2.752026733638193
-4.149353764816934
-4.575118363368933
-6.821023052706830
-2.385102783966865
-2.357535479757879
-4.161780778092374
-1.434152181326482
-5.315154638355588
-6.787812395596042
-2.226945306635737
-0.821023052706831
-0.913640169325252
-2.841637507904750
-3.590066876668705
-2.203425666789570
-1.332547047110046
-3.347753658996677
-3.455931955649724
-2.517126416391246
-1.645891560852599
-4.580044251510242
-3.595166283380062
-4.163675884293248
-3.130768280269024
-2.008330992620051
-1.351639989019068
-3.238072161579471
-4.260427655549908
-1.939302159646388
-1.742321425130815
-3.866461091629783
-3.144480844332200
-0.093664958194909
-2.935542010773081
-0.381951903287907
-0.528708288941061
-4.681936665037238
-3.406713932979543
-0.395773946915530
-1.716698771296450
-2.552841968657781
-0.427128397799520
-4.450996737974212
-3.403402904373540
-3.595166283380062
0.170261715394957
-2.170053304058364
-5.043831569524636
-6.081969663215120
-1.258060922270801
-2.612610173661271
-1.339134521996131
-1.405607449624573
-1.838631997765025
-3.931814138253838
-1.958607314841775
-4.046240308266771
-2.268411234813261
-9.528708288941061
-0.982966660701220
-8.469800301796917
-2.593459819566045
-6.081969663215120
-1.296708621881339
-3.692503962086787
-1.896196279044043
-1.754487332185850
-3.823908740944319
-3.504455662453552
0.082785370316450
-4.562249437179612
-1.367542707815276
-5.435333935747910
-6.122053048370812
2.731588765186739
-2.294992040666664
-1.872895201635192
-7.772113295386326
-2.139063379299906
-3.016824927962187
-5.772113295386326
-6.818156412055227
-3.533132379645890
-6.795880017344075
-1.185752404268080
-4.917214629683550
-3.043831569524637
-4.017276612331455
-3.551293680094920
-3.053547734986927
1.589949601325708
-0.841637507904750
-4.366531544420414
-5.694648630553377
-1.067526235322847
-1.163043262940450
0.356025857193123
-5.413412695328245
-3.048176964684088
-0.974694134735230
-3.779891911959945
-2.962573502059376
-4.328827157284917
2.209515014542631
-4.866461091629782
-3.366531544420413
-0.651695136951839
-2.118045028660399
-0.497572880015567
-2.590066876668705
-1.195860567664649
-3.838631997765025
-6.573488738635425
-1.714442690992226
-2.829738284605043
-1.362510270487489
-6.448550002027125
-1.630784142589857
-3.415668775632469
-0.084072788302884
-2.249491605148654
-2.226945306635737
-0.430626090384954
-1.384049948343599
-2.423658649794207
-2.935542010773081
-3.982966660701220
-5.735182176990463
-2.092588639225414
-3.712198270069774
-0.209714835966758
-0.360513510731414
-3.028260409112222
-2.598599459218456
-1.876148359032914
-4.737548910269570
-1.910094888560602
-1.804100347590766
-3.684029654543082
-4.826813731587726
-0.913640169325252
-2.903089986991944
-3.448550002027125
-0.134896025358872
-1.555955204081924
-4.082494490447453
-3.497572880015567
0.130333768495006
-4.224025668870631
-3.876148359032914
-1.821023052706831
-3.958607314841775
-3.583359492661719
-2.251811972993800
-0.590066876668705
-1.441291429466834
-1.892790030352132
-0.752026733638193
-3.214670164989233
-0.725842150736320
-2.772113295386327
-5.692503962086787
-0.954677021213343
-6.503070351926785
-2.178486471595227
-4.806875401645539
-5.552841968657781
-0.473660722610156
-4.209714835966758
-4.286509456906058
-0.515700160653214
0.287801729930226
-4.966576244513051
-1.163043262940450
-4.903089986991944
-5.115204636051019
-1.260427655549908
-1.671620396561262
-0.962573502059376
-2.411168274405793
-3.184422251675733
-3.425968732272281
-5.196542884351586
-2.785156151952302
-0.737548910269571
1.894316062684438
-4.974694134735230
-5.101823516502323
-6.203425666789570
-3.230622673923861
-2.826813731587726
-5.070070439915412
-4.211124884224583
-2.754487332185850
-1.785156151952302
-5.239577516576788
-2.630784142589857
1.198657086954423
-1.240332155310369
-5.543633966870957
-0.835647144215563
-5.935542010773082
-8.714442690992227
-4.809668301829708
-4.267606240177032
-1.728158393463501
-4.600326278518962
-0.136082623042140
-3.886056647693163
-2.754487332185850
-1.134303940083929
-1.665546248849069
-1.903089986991944
-1.302770657240282
-3.879426068794150
-4.575118363368933
-0.302770657240282
-3.274088367704952
-0.319664486585437
-0.779891911959945
-3.782516055786094
-5.403402904373539
-2.739928612014925
-2.590066876668705
-6.123782159408358
-4.397940008672037
-2.008330992620051
-0.204119982655925
-4.090443970758825
-1.514278573518420
-3.027797161620935
-5.390405590774780
-0.585026652029182
-5.747146969020107
0.460897842756548
-6.244887733604929
-4.818156412055227
-5.623423042943488
-0.970616222314790
-6.616184634019569
-5.769551078621726
-3.096367483915762
-2.578396073130169
-3.478861916295964
-3.262807357295263
-3.237321436272564
-6.565431095965801
-1.293282217663241
-1.530177984021837
-2.562249437179612
0.667452952889954
-3.739928612014925
-3.823908740944319
-1.826813731587726
-2.785156151952302
-4.125518182300533
-2.812479279163537
-3.688246138944246
-1.565431095965801
1.082785370316450
-0.237321436272564
-0.735182176990464
-9.111820506081676
-2.366531544420413
-5.021363051615525
-8.335358024443874
-3.197910742118267
-5.910094888560602
-3.920818753952375
-3.107905397309520
-2.943095148663527
-5.297569463554475
0.598790506763115
-1.232844133917820
-0.393618634889395
-5.087246696328677
-2.241088107602026
-1.838631997765025
-2.772113295386327
0.387389826338729
-6.343901797987168
-3.931814138253838
-2.355561410532161
-2.917214629683550
-0.663540266151471
-0.088842391260023
-1.910094888560602
-2.844663962534938
-2.432973633840940
-1.910094888560602
-2.243363891754152
-1.366531544420414
-0.402304814074488
-2.669586226650809
-4.809668301829708
-3.578396073130169
-0.958607314841775
-3.913640169325252
-4.425968732272281
-2.232844133917820
-5.095825631715837
-4.709965388637482
-1.303643611266668
-4.356547323513813
-0.627087997029893
-2.353596273776930
-1.954677021213343
-2.903089986991944
-4.910094888560602
-3.486782399932061
-5.818156412055227
-6.795880017344075
-1.410050398674292
-3.368556230986828
-5.490797477668897
-3.000000000000000
-0.428291168191312
-0.175223537524454
-4.815308569182402
-3.920818753952375
-4.417936637088292
-1.283996656365201
-2.052076380168274
-1.420216403383190
-6.137272471682025
-1.442492798094342
-0.744727494896694
-0.323306390375133
-5.756961951313706
-2.503070351926785
-0.420216403383190
-2.181774106386044
-2.201349354554731
-8.177831920631982
-4.279840696594043
-3.008330992620051
-6.714442690992226
-2.723538195826756
-2.987162775294828
-4.987162775294828
-4.197226274708024
-5.326979092871104
-4.047207556955908
-2.931814138253838
-0.356547323513813
-4.869666231504994
-2.869666231504994
-2.832682665251824
-4.211831628858833
-9.345823458122039
-2.595166283380062
0.146128035678238
-1.872895201635192
-5.575118363368933
0.170261715394957
-3.147520006363143
-2.614393726401688
-5.149353764816934
-6.085128182459949
-2.621602099051862
-3.324221658325915
0.606381365110605
-4.387216143280265
0.431363764158987
-5.463441557428470
-5.342944147142896
-4.140861702705469
0.586587304671755
-5.847711655616943
-1.974694134735230
-3.003488327845822
-2.404503778174426
-6.701146923590294
-5.438898616350944
-2.324221658325915
0.507855871695831
-0.804100347590766
1.496929648073215
-1.647817481888638
3.654176541877960
3.562292864456475
2.718501688867274
-2.168770306132937
-2.068033885271827
-3.010550182333308
-3.821023052706831
-5.413412695328245
-3.089375595110799
-2.212539525481585
-1.609064892896621
-1.804100347590766
2.408239965311850
-3.653647025549361
-1.214670164989233
-1.826813731587726
-2.790484985457369
-4.876148359032914
-5.772113295386326
-3.226213555018806
-2.716698771296450
-3.042392712939905
-3.399027104313252
-3.384049948343599
0.938519725176492
-1.560667306169737
-3.127261172527331
-5.565431095965802
2.411619705963230
-2.297569463554475
-2.473660722610156
-2.089909454405932
-1.302770657240282
-3.935542010773081
-3.219682687859849
-5.226945306635737
-3.144480844332200
-7.357535479757878
-6.413412695328245
-2.732828271596986
-4.920818753952375
-6.804100347590766
-5.085128182459949
-5.131355561605174
-4.401209493236885
-5.371611069949688
-3.015472686656207
-2.718966632752272
-0.642065152999546
-0.210419287835575
-2.388276691992658
-1.441291429466834
-0.371611069949688
-2.395773946915530
-1.991399828238082
-2.206209615309181
-1.671620396561262
-0.027334407733889
-0.991399828238082
-0.252588192113577
0.673941998634088
-2.170053304058364
-2.632644078973981
-1.974694134735230
-4.178486471595227
-4.038578905933552
-4.782516055786093
-1.812479279163537
-5.725842150736320
-7.332547047110046
-4.728158393463501
-5.427128397799520
0.699837725867246
-4.099086932262331
-7.391473966422806
-6.261219441515631
-4.199282921717615
-0.170696227168975
-6.014124642691606
-1.357535479757879
0.305351369446624
-5.593459819566045
-1.853871964321762
-3.189095719331299
-4.617982957425132
-1.928117992693875
-3.920818753952375
-5.000000000000000
-2.458420756053419
-5.525783735923745
-3.832682665251824
0.418301291319745
-4.392544976785332
-3.408935392973501
-3.321481620959886
-4.448550002027125
-3.390405590774780
-0.970616222314790
-4.950781977329818
-0.742321425130815
-1.869666231504994
-4.469800301796917
-7.036212172654444
-4.795880017344075
-5.321481620959886
-1.954677021213343
-6.165579296318468
0.033423755486950
-3.809668301829709
-1.274088367704952
-1.251037138743839
-1.552841968657781
-0.730487055782084
-3.349692476868063
-1.744727494896694
-1.565431095965801
-4.694648630553377
-2.331614083310000
-0.806875401645538
-3.027334407733889
-1.628932137728264
-3.209011524911184
-0.889410289700751
-4.636388020107856
-1.206908399823420
-2.127843727251707
-1.853871964321762
-0.480172006224281
-1.920818753952375
-2.474955192963155
-5.154901959985743
0.133538908370218
-3.051587034221399
-0.586700235918748
-3.903089986991944
-2.761953896871205
-3.675717544702307
-1.393618634889395
-5.060980223551334
-0.723538195826756
-4.309803919971486
-11.271646217978772
-2.199282921717615
-1.759450751717400
-2.034328028779893
-0.686132779630847
-4.330683119433888
-1.920818753952375
-3.494850021680094
-1.657577319177794
-4.107905397309519
-3.169411331314856
-0.823908740944319
-2.407823242604133
-1.978810700930062
-1.294136287716081
-3.326058001365912
-3.355561410532161
-4.978810700930062
-3.714442690992226
-3.038578905933552
-5.823908740944319
0.689308859123620
-3.503070351926785
-3.250263684430939
-0.692503962086787
-3.478861916295964
-2.110698297493690
-1.038104526332150
-1.104577453960592
-5.987162775294828
-6.841637507904751
-2.709965388637482
-6.052566278112949
-3.924453038607469
-2.640164517660112
-5.264401100301821
-3.095284454721319
-2.974694134735230
-1.551293680094920
-3.910094888560602
-1.139661993429006
-3.000869458712629
-1.179798540514360
-2.665546248849069
-4.135488918941608
-2.231361898752386
-1.856985199745905
-2.565431095965801
-1.444905551421681
-5.869666231504993
-3.455931955649724
-3.271646217978772
-2.052076380168274
-2.841637507904750
-1.628932137728264
1.413299764081252
-3.256490235271570
-3.548213564475710
-0.673664139071249
-7.645891560852599
-7.300162274132754
-1.690369832574101
-5.692503962086787
-1.679853713888946
-4.136082623042140
-6.400116927926312
-2.649751981665837
-2.402304814074488
-2.195860567664650
-4.578396073130169
-2.593459819566045
1.206825876031850
-2.494850021680094
-3.362510270487489
-4.950781977329818
-2.289882634888184
-2.519993057042849
-1.136082623042139
-5.492144128304169
-1.939302159646388
-2.806875401645538
-0.609064892896621
-3.177831920631982
-3.767003889607846
-0.735182176990464
-4.352617029885380
-3.446116973356126
-3.134896025358872
-6.798602875679548
-2.684029654543082
-1.946921556516580
-1.671620396561262
-0.978810700930062
-2.338187314462739
-2.939302159646388
-0.844663962534938
-2.774690718274137
-5.735182176990463
-2.336299074610352
-6.732828271596986
1.933487287848705
-0.029653123769907
0.017033339298780
-2.232102383981909
-0.229884705212898
-1.254925208417943
-3.481486060122112
-6.468521082957745
0.225309281725863
-0.356547323513813
-2.645891560852599
-2.756961951313706
-0.580044251510242
-3.193820026016113
-4.083019952679618
-1.292429823902064
-4.069050968832477
1.419955748489758
-2.226945306635737
0.638489256954637
-1.022276394711152
-0.737548910269571
-3.241845378032610
-1.434152181326482
-0.140861702705469
-2.970616222314790
-3.504455662453552
-2.151810883008601
-0.087246696328677
-1.199970640755866
-2.252588192113577
-0.588380294036770
-0.357535479757879
-0.978810700930062
-0.958607314841775
-2.260427655549908
-2.000000000000000
-7.688246138944246
-3.415668775632469
-5.512861624522814
-5.730487055782084
-3.321481620959886
-2.041436116778033
-1.906578314837765
-5.031517051446065
-0.856985199745905
-5.097997108649270
-0.259637310505756
-3.153662887870195
-1.374687549038326
-3.665546248849069
0.587710965018911
-1.012780770091995
-1.590066876668705
-6.841637507904751
-5.270835210307230
-2.170696227168975
-6.112945621949043
-2.737548910269571
1.472756449317212
-0.815308569182401
-1.163675884293248
-6.844663962534939
-5.473660722610156
0.004321373782643
-1.645891560852599
-7.663540266151471
-2.023191662661934
-5.245651664288981
-2.826813731587726
-4.643974142806877
-1.991399828238082
-3.995678626217357
-0.304518323509803
-2.256490235271570
-2.879426068794150
0.243038048686294
-10.365522729839268
-1.829738284605043
-2.970616222314790
-1.271646217978772
-1.175874166083451
-0.530177984021837
-1.259637310505756
-2.643974142806877
-0.395773946915530
-1.234331445240986
-4.289882634888183
-0.567030709125594
-2.856985199745905
-2.067526235322847
-1.000434511774018
-9.000000000000000
-4.636388020107856
-3.245651664288981
-5.029188389127482
-1.227678293277080
-8.072629636960977
-3.259637310505756
-2.602059991327963
-7.709965388637482
-3.958607314841775
-2.429457060118102
-3.886056647693163
-3.982966660701220
-2.585026652029182
-2.552841968657781
-4.120330794367947
-3.020451625295905
-0.557520230935551
-5.304518323509803
-5.436518914605589
-4.823908740944319
-0.007446482167864
-5.274088367704952
-3.896196279044043
-3.138465589140962
-3.501689446210400
-5.974694134735230
-8.464705879957229
-2.477555766493680
-1.403402904373540
-3.391473966422806
-2.812479279163537
-3.403402904373540
-5.084600164787730
-4.943095148663527
-2.224753740259763
-3.939302159646388
-0.193141970481183
0.385606273598312
-5.903089986991944
-1.033858267260967
-3.548213564475710
-1.496209316942819
0.130333768495006
-1.272458742971444
-6.185086818724926
-2.630784142589857
-0.991399828238082
-3.673664139071248
-4.863279432843593
-6.376750709602099
-0.517126416391246
-3.913640169325252
-6.168770306132936
-0.196542884351586
-5.392544976785332
0.444044795918076
-3.270025714300445
0.093421685162235
-2.151810883008601
-0.019088062223156
-2.742321425130815
-6.384049948343599
-1.928117992693875
-3.093664958194909
-4.913640169325252
-4.346787486224656
-1.184422251675733
-5.377785977033705
-4.966576244513051
-2.542118103266008
-6.769551078621726
-1.581698708680255
0.301029995663981
-5.393618634889395
-3.841637507904750
-2.276544327964814
-0.419075024324381
-0.081969663215120
-6.876148359032914
-2.935542010773081
-5.054531414868181
-4.627087997029894
-5.920818753952375
-4.761953896871205
-1.375717904164332
-1.931814138253838
-3.176525770829699
-2.171340103464680
-3.120904120499927
-1.267606240177032
-4.671620396561262
-5.583359492661719
-4.148130399270234
-3.186419011431808
-0.995678626217357
-1.546681659952962
-7.128427064454121
-4.576754126063192
-4.630784142589857
-5.435333935747910
-4.310691140876380
-2.688246138944246
-1.667561540084395
-8.277366077466187
-2.254144804826271
-3.380906669373257
-0.690369832574101
-5.782516055786093
-2.521433504406156
-3.489454989793388
-1.759450751717400
-4.899629454882438
-4.718966632752273
-0.974694134735230
-5.505845405981558
-1.759450751717400
-3.707743928643524
-4.659555885159882
-4.096367483915762
-3.230622673923861
-6.120330794367947
-3.176525770829699
-2.838631997765025
-7.576754126063192
-3.772113295386327
-4.917214629683550
-3.982966660701220
-2.889410289700751
-3.640164517660112
-3.856985199745905
-3.643974142806877
-1.443697499232713
-5.790484985457369
-3.686132779630847
-3.002613615602687
1.985875357308394
-7.910094888560602
-5.798602875679548
-3.004803708402821
-7.730487055782084
-0.991399828238082
-3.749579997691106
-1.031517051446065
-4.093664958194910
-2.011441043121384
-4.508638306165727
-3.266000713461613
-5.342944147142896
-3.872895201635192
-6.324221658325915
-4.129011186239425
-3.424812155072339
-1.274905478918531
-1.208309350979882
-4.402304814074488
-1.549750891680639
-4.170696227168975
-3.512861624522813
-3.404503778174426
-4.430626090384954
-4.283996656365201
-2.132532512140949
-0.716698771296450
2.409933123331295
-3.801342913045577
-6.135488918941608
-4.153044674980176
-1.000000000000000
-4.326979092871104
-3.185752404268080
-2.157390760389438
-0.954677021213343
-6.939302159646388
-2.769551078621726
-2.863279432843593
-2.829738284605043
-5.122628654130226
0.173186268412274
-0.924453038607469
-3.869666231504994
-2.533132379645890
-0.841637507904750
-2.346787486224656
-1.804100347590766
-0.361510743045363
1.093421685162235
-3.752026733638194
-2.421360790031928
-4.931814138253839
-1.991399828238082
-4.122628654130226
-2.565431095965801
-4.823908740944319
-3.085128182459949
-7.154281982033341
-1.663540266151470
-4.701146923590294
-5.692503962086787
-1.294992040666664
-1.124360062995832
0.613841821876069
-4.213248577854439
-2.838631997765025
-2.675717544702307
-2.899629454882437
0.093421685162235
-3.510041520575165
-3.334419008982047
-6.321481620959886
-5.071604147743286
-6.195860567664649
-0.239577516576788
-6.096910013008056
-7.014573525916998
-6.140861702705469
-5.384049948343599
-5.022276394711152
-0.913640169325252
-3.978810700930062
-7.348721986001856
-1.492144128304169
-2.688246138944246
-3.534617148551582
-5.301029995663981
-5.643974142806877
-3.264401100301820
-5.508638306165727
-1.882728704344236
-4.586700235918748
-2.632644078973981
-4.507239610973163
-2.793174123968150
-7.504455662453552
-0.311580177997289
-3.663540266151470
-2.062983892535186
-2.357535479757879
-1.443697499232713
-5.043351420794797
-1.404503778174426
-4.498940737782249
-2.555955204081924
-0.730487055782084
-7.072629636960976
-3.651695136951839
-0.737548910269571
-3.329754146925876
-4.471083299722345
0.637489729512511
-2.200659450546418
-2.573488738635425
-1.234331445240986
-2.910094888560602
-2.161780778092374
-2.543633966870957
-4.263603497723357
-0.844663962534938
-7.982966660701219
-6.181114585405990
-2.486782399932061
-4.353596273776930
-0.744727494896694
-3.413412695328245
-5.970616222314790
-5.924453038607469
-4.205511953340831
-5.356547323513812
-5.493494967595128
-3.387216143280265
-4.480172006224281
-5.352617029885380
2.474216264076255
-0.931814138253838
-3.987162775294828
-5.252588192113577
-0.987162775294828
-2.040481623027002
-2.423658649794207
-2.721246399047171
-3.179798540514360
-3.362510270487489
0.733999286538387
-0.872895201635192
-3.530177984021837
-2.436518914605589
-2.939302159646388
-4.764471553092451
-1.737548910269570
-1.216811308924743
-2.316052869248488
-2.504455662453552
0.499687082618404
-5.634512015109101
-2.283162276700475
-3.485452247339714
-1.821023052706831
-2.946921556516580
-1.202732459169284
-2.438898616350944
-5.782516055786093
-2.000000000000000
-5.293282217663241
-2.033389013318066
0.528916700277655
-3.195860567664650
-3.669586226650809
-3.320572103387881
-4.122053048370812
-5.472370099128661
-2.809668301829709
-1.328827157284917
-4.194499141841600
-7.047207556955908
-2.223298816011589
-0.279014255846261
-0.182434630440219
-1.109578981199086
-3.653647025549361
-3.394694953858890
-6.279014255846261
-0.153662887870195
-6.767003889607846
-2.987162775294828
-5.035740369803151
-3.540607512240769
-1.774690718274137
-4.554395796726403
-5.460923901207224
-5.366531544420414
-1.821023052706831
-4.958607314841775
-2.213248577854439
-4.832682665251824
-4.288192770958809
-2.714442690992226
-7.496209316942819
-2.258848401148215
-1.978810700930062
-2.077793722560984
-1.560667306169737
-5.314258261397736
-1.718966632752273
-4.264401100301821
-1.085656842880559
-2.175223537524454
-2.686132779630847
-7.508638306165727
-6.742321425130815
-3.860120913598764
-3.809668301829709
-3.266802734893431
-2.274905478918531
-0.718966632752272
-4.069560405233300
-3.227678293277080
-2.210419287835574
-4.610833915635467
-4.853871964321762
-3.995678626217357
-1.233587152887601
-0.401209493236885
-3.136677139879544
1.549003262025788
-3.677780705266081
-6.924453038607469
-3.212539525481585
-4.053547734986927
-5.285670240254767
-1.202040356262804
-1.100726812682396
-3.206209615309181
-8.978810700930062
-3.216096420727265
-5.453457336521869
-3.326058001365912
-2.257274868695302
-3.402304814074488
-1.229147988357856
-1.844663962534938
-4.425968732272281
-4.050609993355088
-3.675717544702307
-2.838631997765025
-0.083546051450075
-0.767003889607846
-2.136082623042140
-5.119186407719209
-1.356547323513813
1.571708831808688
-2.094743951251549
-3.036684488613889
-4.225483034271450
-3.031050319018657
-5.453457336521869
-2.273272790973428
-7.603800652904264
-4.455931955649724
-1.790484985457369
-1.970616222314790
-0.498940737782249
-7.643974142806877
-1.486782399932061
-4.085128182459949
-2.024568191490737
-2.318758762624413
-4.146910470148135
-0.326979092871104
-0.179142010560300
-1.899629454882437
-1.892790030352132
-1.391473966422806
-4.187086643357144
-2.643974142806877
-1.906578314837765
-5.046723663332696
-3.835647144215563
-2.085128182459949
-2.567030709125594
-3.389339836910120
-3.442492798094342
-3.049148541111454
-3.326979092871104
-3.413412695328245
-1.436518914605589
-1.265200170411153
-2.216811308924743
0.206825876031850
-0.970616222314790
0.255272505103306
-2.150580586203100
-2.112382699664264
-1.946921556516580
-4.128427064454121
-1.879426068794150
-6.034798298974088
-1.612610173661271
-5.182434630440219
-4.503070351926785
-7.369572124974976
-6.705533773838407
-4.253365801062421
-9.749579997691106
-4.590066876668706
-4.496209316942819
-1.428291168191312
-5.744727494896694
0.532754378992498
-4.866461091629782
-2.484126156288321
-3.531652669587843
-3.777283528852417
-0.866461091629782
-3.235823867609669
-3.130768280269024
-4.570247719997592
-6.078833949362261
-1.549750891680639
-5.928117992693875
-3.010105436281227
-1.853871964321762
-1.122628654130226
-1.207608310501746
-4.920818753952375
-5.889410289700751
-3.764471553092451
-2.823908740944319
-1.527243550682788
-2.472370099128661
-0.899629454882437
-0.099086932262331
-5.084600164787730
-1.987162775294828
-5.171984935776023
-1.235823867609669
-2.094204119632132
-2.163675884293248
-1.521433504406157
-3.235077015350111
-0.232844133917820
-3.203425666789570
-1.269217724333611
-4.161150909262744
-0.105683937315562
1.752048447819438
-1.779891911959945
-4.070581074285707
-6.917214629683550
-4.198596289982645
-4.212539525481585
-1.503070351926785
-1.950781977329818
-5.146301788223826
-2.197226274708024
1.404833716619938
0.409933123331295
-1.130768280269024
-5.653647025549361
-4.545155139991490
-3.630784142589857
-5.419075024324381
-1.602059991327962
-3.084072788302884
-3.291579099865287
-2.436518914605589
-4.135488918941608
-1.910094888560602
-4.298432014944073
-0.148130399270234
-2.415668775632469
-2.209714835966758
-0.274905478918531
-2.191789027075778
-2.001304841688344
-6.663540266151471
-5.025949097207123
-1.630784142589857
-0.679853713888946
2.431363764158987
-3.728158393463501
-0.199970640755866
-5.034798298974088
-5.752026733638194
-6.705533773838407
-0.696803942579511
-1.518557371497695
0.309630167425899
-6.460923901207224
-2.899629454882437
-6.271646217978772
-4.536107011014093
-7.427128397799520
-8.396855627379818
-0.494850021680094
-4.510041520575165
-1.121478204498793
1.093421685162235
-1.632644078973981
-2.804100347590766
-4.251811972993799
-1.655607726314889
-6.315154638355588
-3.486782399932061
-2.327902142064282
-3.586700235918748
-3.924453038607469
0.037426497940624
-0.524328811675570
-2.482804102050026
-6.148130399270234
-3.366531544420413
-4.886056647693163
-6.161780778092374
-6.747146969020107
-1.062983892535186
-4.071604147743286
-5.281498311132726
-6.013228265733755
-6.943095148663527
-0.551293680094920
-3.492144128304169
-1.390405590774780
-4.294992040666664
-4.365522729839268
-2.675717544702307
-6.645891560852599
-0.728158393463501
-1.970616222314790
-2.537602002101044
-4.939302159646388
-2.673664139071249
-3.581698708680254
-0.029188389127482
-5.352617029885380
-3.488116639021126
-3.361510743045363
-1.673664139071249
-5.939302159646388
-2.094743951251549
-2.603800652904264
-4.414539270491499
-0.563837352959244
-0.220403508742175
-3.062983892535186
-7.701146923590294
-4.167491087293763
-5.027334407733889
-4.429457060118103
-6.235823867609669
-2.110138278741811
-5.217527375833714
-1.950781977329818
-7.028724151261895
-3.987162775294828
-5.504455662453552
-1.723538195826756
-3.410050398674292
0.807535028068853
-2.928117992693875
-2.253365801062421
-5.943095148663527
-1.730487055782084
-1.142064735280571
-3.207608310501746
-2.860120913598764
-6.718966632752273
-1.630784142589857
-3.812479279163537
-4.290730039024170
-1.518557371497695
-0.251037138743839
-1.480172006224281
-1.039053804266169
-3.246416941107094
-2.663540266151470
-4.488116639021126
-1.625251653989896
-8.468521082957745
-3.703334809738469
-5.463441557428470
-6.709965388637482
-4.395773946915530
-4.806875401645539
-3.330683119433888
-2.111820506081675
-1.177831920631982
-7.473660722610156
-4.400116927926312
-2.735182176990464
-1.974694134735230
-4.073657553374345
-5.473660722610156
-0.545155139991490
-3.970616222314790
-6.255707016877324
-1.555955204081924
-0.407823242604133
-4.298432014944073
-2.515700160653214
-5.330683119433888
-1.528708288941061
-3.598599459218456
-0.557520230935551
-6.157390760389438
-1.440093374963888
-4.636388020107856
-0.588380294036770
-5.647817481888637
-6.761953896871205
-3.696803942579511
-1.754487332185850
-1.267606240177032
-7.096367483915762
-3.917214629683550
-3.721246399047171
-2.754487332185850
-4.273272790973428
-6.847711655616943
-2.790484985457369
0.367355921026019
-3.906578314837765
-1.312471038785366
-4.950781977329818
-1.761953896871205
-0.879426068794150
-5.872895201635193
-4.092051478387727
-3.498940737782248
-0.665546248849069
-1.850780887344620
-3.841637507904750
-0.598599459218456
-2.987162775294828
-6.645891560852599
-1.302770657240282
0.198657086954423
-2.931814138253838
-4.669586226650809
-3.354577730650908
-2.735182176990464
-1.385102783966865
-2.954677021213342
-2.084600164787730
0.523746466811564
-2.010995384301463
-6.057991946977687
-1.085128182459950
-3.136677139879544
-2.252588192113577
-1.423658649794207
-3.565431095965801
-2.177831920631982
0.434568904034199
-6.764471553092451
0.429752280002408
-2.966576244513050
-4.987162775294828
-1.812479279163537
-4.349692476868063
-2.920818753952375
-4.109020403010311
-4.459670525209126
-4.441291429466834
-0.844663962534938
-7.031050319018657
-4.324221658325915
-2.386158178123931
-4.158640529545145
-4.246416941107094
-3.283162276700475
-0.924453038607469
-1.143271109617117
-1.494850021680094
-3.623423042943488
0.919601023784111
-6.856985199745905
-7.653647025549361
-1.249491605148654
-2.266000713461613
-1.130181792020672
-5.164943898279883
-3.301899454376610
-2.308918507877031
-2.573488738635425
-2.411168274405793
-4.125518182300533
-3.709965388637482
-6.684029654543083
-2.692503962086787
-4.339134521996130
-3.312471038785366
1.110589710299249
-3.031050319018657
0.324282455297693
-3.000000000000000
-1.467245621007502
-1.954677021213343
-1.430626090384954
-5.844663962534939
-2.721246399047171
-2.021363051615526
-0.886056647693163
-4.429457060118103
-1.333482019445119
-4.326058001365912
-1.378823718224965
-1.896196279044043
0.531478917042255
0.439332693830263
-2.694648630553376
-2.623423042943488
-3.978810700930062
-1.709965388637482
-3.291579099865287
-5.507239610973163
-2.946921556516580
-2.309803919971486
-1.742321425130815
-0.468521082957745
-3.160521952625801
0.634477270160732
1.086359830674748
-1.514278573518420
-3.214670164989233
-7.072629636960976
-3.089909454405932
-3.077274542006740
-7.703334809738469
0.120573931205850
-1.428291168191312
-0.232844133917820
-1.795880017344075
-4.177178354696895
-3.214670164989233
-3.453457336521869
-2.387216143280265
-2.647817481888638
-2.575118363368933
-2.892790030352132
-6.798602875679548
-0.647817481888638
-1.728158393463501
-4.769551078621726
-5.314258261397736
-0.000869458712629
-2.725842150736320
-5.847711655616943
-0.991399828238082
-3.230622673923861
-2.696803942579511
-3.428291168191312
-6.270835210307230
-2.308918507877031
1.906335041805091
-2.142064735280571
-2.705533773838407
-3.057495893831919
-2.752026733638193
-5.055024091587952
-3.627087997029893
-1.886056647693163
-2.590066876668705
-2.193820026016113
-0.229147988357856
-3.247183568811729
-3.787812395596042
-3.625251653989896
-6.690369832574102
-1.903089986991944
-1.288192770958809
-2.970616222314790
-1.488116639021126
-1.882728704344236
-2.085656842880559
-5.761953896871205
-5.876148359032914
-6.109020403010311
-3.493494967595128
-1.077274542006740
-3.486782399932061
-6.742321425130815
-4.590066876668706
-2.785156151952302
-3.310691140876380
-0.844663962534938
-2.428291168191313
0.089905111439398
-7.747146969020107
-2.066512712151295
-4.350665141287858
-3.510041520575165
-3.571865205971211
-5.970616222314790
-4.004803708402821
-0.821023052706831
-1.863279432843593
-1.910094888560602
-4.361510743045363
-5.005682847330363
-4.567030709125595
-1.079876673709276
-1.176525770829699
-4.403402904373539
-2.686132779630847
-6.103473782510445
-4.086716098239582
-2.181774106386044
-3.427128397799520
-0.910094888560602
-3.468521082957745
-2.156767221901990
-8.023650020996726
-6.139661993429006
-7.330683119433888
-2.206908399823420
-0.127843727251707
-2.600326278518962
-3.716698771296450
-3.552841968657781
-3.581698708680254
-6.274088367704952
-1.029188389127482
-5.040005161671584
-7.101823516502323
-3.046723663332696
-2.038578905933552
-1.301029995663981
-0.343901797987168
-4.173925197299174
-0.536107011014093
-3.007004901568659
-3.007004901568659
-8.518557371497694
-1.742321425130815
-3.575118363368933
-6.575118363368933
-4.286509456906058
-5.335358024443875
-3.686132779630847
-0.468521082957745
-5.348721986001856
-4.580044251510242
-1.841637507904750
-0.847711655616944
-4.261219441515631
-3.463441557428470
-3.573488738635425
-2.872895201635192
-0.730487055782084
-1.291579099865287
-3.270025714300445
-3.204815410317576
-3.319664486585437
-0.943095148663527
-0.978810700930062
-2.974694134735230
-1.401209493236885
-1.943095148663527
-0.390405590774780
-2.090443970758824
-0.555955204081924
2.336459733848530
-4.850780887344620
-2.906578314837765
-2.245651664288981
-2.120330794367947
-4.966576244513051
-1.651695136951839
-0.774690718274137
-1.869666231504994
0.100370545117563
-3.954677021213342
-1.995678626217357
-2.223298816011589
-6.441291429466834
-6.701146923590294
-1.341035157335565
-3.958607314841775
-2.530177984021837
-2.005682847330363
-0.935542010773082
-4.595166283380062
-5.131355561605174
-2.338187314462739
-6.744727494896694
-3.258060922270801
-7.092051478387727
-4.195860567664649
0.625312450961674
-0.806875401645538
-4.405607449624573
-5.515700160653214
-1.896196279044043
-0.826813731587726
-2.603800652904264
-2.677780705266081
-6.255707016877324
-0.560667306169737
-3.879426068794150
-2.522878745280337
-2.563837352959244
-4.367542707815276
-0.698970004336019
-3.801342913045577
-1.222573177610689
-1.177831920631982
-1.573488738635425
-4.391473966422806
-2.410050398674292
-1.026872146400301
-4.928117992693875
-3.281498311132726
-1.459670525209126
-6.012780770091995
-3.400116927926312
-5.812479279163537
-2.493494967595128
-4.892790030352131
-8.069050968832476
-5.153044674980176
-1.269217724333611
-7.563837352959244
-0.459670525209126
-3.338187314462739
-2.394694953858890
-0.090979145788844
-7.806875401645538
-3.408935392973501
-1.614393726401688
-5.148130399270234
-2.850780887344620
-0.671620396561262
-3.747146969020107
-3.145086977692145
-0.189095719331300
-1.752026733638193
-1.928117992693875
-3.679853713888946
-2.600326278518962
-2.518557371497695
-5.619788758288394
0.933487287848705
-1.101274818410507
2.136720567156407
-4.455931955649724
-3.508638306165727
-2.116338564846382
-1.525783735923745
-6.213248577854439
-1.935542010773082
-2.059981844992337
-0.560667306169737
-1.467245621007502
-0.371611069949688
-6.132532512140949
-2.617982957425132
-3.835647144215563
-5.404503778174425
-2.806875401645538
-5.603800652904264
-0.732828271596986
-3.372634143407268
-0.233587152887601
-6.169411331314856
-3.889410289700751
-7.004803708402821
0.979548374704095
-0.610833915635468
-0.559090917934782
-3.145693958198919
-6.638272163982407
-4.341988603342887
-9.723538195826755
-1.995678626217357
-2.889410289700751
-4.869666231504994
-3.327902142064282
-0.886056647693163
-1.464705879957229
0.881954971339601
-3.853871964321762
-5.764471553092451
-2.121478204498794
-1.991399828238082
-4.767003889607846
-7.110698297493689
-2.434152181326482
-4.823908740944319
-2.931814138253838
-0.879426068794150
0.646403726223070
-4.718966632752273
-2.823908740944319
-7.690369832574102
-0.560667306169737
0.972202838379065
-7.262012673666569
-4.612610173661270
-2.178486471595227
-3.004364805402450
-3.295849483160201
-7.939302159646388
-4.856985199745905
-1.181774106386045
-1.087777943467584
-0.970616222314790
-5.165579296318468
-2.236572006437063
-3.767003889607846
-2.798602875679549
-2.210419287835574
-4.249491605148654
-4.000000000000000
-4.330683119433888
-1.226213555018806
-5.166215625343521
-1.712198270069774
-2.448550002027125
-5.209714835966758
-3.974694134735230
-4.097453220686009
-0.590066876668705
-3.372634143407268
0.574031267727719
-0.610833915635468
-1.429457060118102
-0.787812395596042
-4.580044251510242
-3.110138278741811
-5.012780770091995
-0.978810700930062
-4.801342913045577
-6.178486471595227
-3.779891911959945
-3.521433504406156
-0.806875401645538
-4.958607314841775
-0.588380294036770
-0.563837352959244
-2.305394801066431
-3.216096420727265
-5.588380294036770
-2.503070351926785
0.193124598354462
-3.253365801062421
0.816241299991783
-4.739928612014925
-4.335358024443875
-1.970616222314790
-1.166215625343521
-2.485452247339714
-1.481486060122112
-2.202732459169284
1.008600171761918
-4.436518914605589
-8.627087997029893
-2.057495893831919
-5.709965388637482
-0.920818753952375
-1.586700235918748
-2.812479279163537
-2.460923901207223
-5.306273051076353
-1.288192770958809
-0.879426068794150
-6.202040356262803
-1.048662481204082
-8.764471553092450
-5.524328811675570
-3.640164517660112
-2.924453038607469
-0.468521082957745
-0.616184634019569
-3.978810700930062
-3.438898616350944
-4.612610173661270
-2.167491087293764
-5.380906669373258
-2.793174123968150
-3.696803942579511
-1.565431095965801
-2.829738284605043
-1.400116927926312
-0.991399828238082
-5.041914151478915
-4.195179321278838
-2.882728704344236
-4.317854923626168
-5.224753740259763
-2.019088062223156
-2.062983892535186
-3.853871964321762
-2.651695136951839
-4.077274542006740
-1.920818753952375
-1.559090917934782
-1.677780705266081
-4.384049948343599
-2.293282217663241
-3.603800652904264
-1.818156412055227
0.503790683057181
-3.899629454882437
-4.414539270491499
-5.019088062223156
-2.232844133917820
0.257678574869184
-0.199282921717615
0.060697840353612
1.887054378050957
-1.826813731587726
-2.591760034688150
-0.251037138743839
-5.057000406633960
-3.415668775632469
-2.010995384301463
-4.358525889495900
-3.863279432843593
-4.978810700930062
-0.754487332185850
-3.026872146400301
-5.273272790973428
-4.497572880015567
-0.823908740944319
-4.086186147616283
-1.280668713016273
-1.534617148551582
-1.732828271596986
-0.333482019445119
0.326335860928751
-1.055024091587952
1.618048096712093
-1.841637507904750
-1.273272790973428
-2.847711655616944
-5.030584087646019
-3.076755981369724
-1.714442690992226
-6.640164517660112
-3.795880017344075
-0.690369832574101
-2.376750709602100
1.004321373782643
-1.031517051446065
-0.442492798094342
-3.747146969020107
-3.690369832574101
-1.469800301796918
-2.471083299722345
-1.725842150736320
-2.896196279044043
-1.132532512140948
-5.943095148663527
-2.106793246940152
-1.209714835966758
-3.060980223551334
-1.472370099128661
-2.659555885159882
-4.632644078973981
-5.950781977329818
-4.590066876668706
-3.530177984021837
2.260071387985075
-2.141462802430361
-2.882728704344236
-6.565431095965801
-3.910094888560602
-4.412289034981089
-2.421360790031928
-6.917214629683550
-2.651695136951839
-1.853871964321762
-0.625251653989896
-1.480172006224281
-2.148741651280925
-9.120330794367947
-3.212539525481585
1.025305865264770
0.227886704613674
-3.292429823902064
-2.645891560852599
-5.603800652904264
-3.129596094720973
-5.605548319173784
-3.298432014944073
-0.987162775294828
-3.686132779630847
-3.812479279163537
-1.540607512240769
-3.761953896871205
-1.684029654543082
-2.853871964321762
-0.142064735280571
-4.519993057042849
-5.031050319018657
2.033423755486950
-4.555955204081924
-2.271646217978772
-4.752026733638194
-4.354577730650908
-3.434152181326482
-8.663540266151470
-7.011887159731648
-1.537602002101044
-2.399027104313252
-0.423658649794207
-2.472370099128661
-1.227678293277080
-1.721246399047171
-2.534617148551582
-4.982966660701219
-8.642065152999546
-2.388276691992658
-2.064996848546345
-1.000000000000000
-0.032920265855503
-4.011441043121384
0.380211241711606
-2.253365801062421
0.682145076373832
-4.267606240177032
-2.197910742118267
-3.029188389127482
-2.560667306169738
-2.723538195826756
-2.954677021213342
-3.585026652029182
-2.924453038607469
-1.754487332185850
-0.950781977329818
-4.148741651280925
-5.274905478918531
-0.341988603342888
-1.732828271596986
-4.198596289982645
-1.657577319177794
-5.347753658996677
-2.958607314841775
-3.069050968832477
-5.351639989019068
-4.033389013318065
-5.528708288941061
-3.661543506395395
-6.815308569182402
-2.754487332185850
-3.795880017344075
-2.853871964321762
-5.042871802323187
-4.756961951313706
-1.694648630553376
-1.982966660701220
-0.414539270491499
-0.690369832574101
-5.607303046740334
-5.987162775294828
-3.216096420727265
-0.372634143407267
-0.438898616350944
-0.407823242604133
-1.754487332185850
-5.627087997029894
-1.376750709602099
-4.083019952679618
-5.159266765388193
-2.815308569182401
-4.809668301829708
-3.565431095965801
-5.028260409112222
-3.353596273776930
-1.189095719331300
-2.239577516576788
-4.003926345514724
-5.661543506395395
-1.889410289700751
-6.747146969020107
-1.354577730650908
-3.158015195409886
-1.525783735923745
-4.221848749616356
-2.896196279044043
-2.551293680094920
-5.806875401645538
-1.019088062223156
-5.643974142806877
-0.614393726401688
-0.896196279044043
-3.991399828238082
-0.632644078973981
1.342422680822206
1.826722520168992
-6.201349354554731
-5.480172006224281
-4.104025267640935
-3.312471038785366
-0.009217308196862
-1.974694134735230
-6.109020403010311
0.110589710299249
-1.600326278518962
-2.793174123968150
-2.140861702705469
-2.408935392973501
-6.575118363368933
-2.847711655616944
-5.675717544702307
-4.607303046740334
-5.517126416391246
-1.149966742310231
-8.133122185662501
-0.392544976785331
-1.586700235918748
-4.924453038607469
-0.193820026016113
-3.261219441515631
-1.380906669373257
-2.756961951313706
-2.338187314462739
-1.798602875679548
-2.027797161620935
-0.496209316942819
-2.062482107982653
-1.815308569182401
-1.484126156288321
-2.872895201635192
-5.396855627379818
-2.174573882232177
-4.035740369803151
-2.503070351926785
0.093421685162235
-6.299296282854980
-1.082494490447453
-3.395773946915530
-4.779891911959945
-2.481486060122112
-1.995678626217357
-2.309803919971486
-5.707743928643524
-4.245651664288981
-4.099632871343529
-5.186419011431808
-2.320572103387881
-6.358525889495900
-1.141462802430361
-2.530177984021837
-2.560667306169738
-4.714442690992226
-2.647817481888638
-0.266802734893431
-3.407823242604133
-3.435333935747911
-3.563837352959244
-0.879426068794150
-1.698970004336019
-1.826813731587726
-3.233587152887600
-2.543633966870957
-1.701146923590293
-3.590066876668705
-2.057991946977687
-4.829738284605043
-1.619788758288394
0.557507201905658
1.287801729930226
-1.701146923590293
-5.312471038785366
-2.173277479831008
0.401400540781544
-4.764471553092451
-3.690369832574101
-2.000000000000000
-2.323306390375134
-5.991399828238082
-7.220403508742176
-4.866461091629782
-2.114638779968488
-2.255707016877324
-2.166852888087215
-1.221848749616356
-0.703334809738469
-5.821023052706830
-3.563837352959244
-1.850780887344620
-1.946921556516580
-4.336299074610352
-2.872895201635192
-0.573488738635425
-4.962573502059376
-3.481486060122112
-0.233587152887601
-1.405607449624573
-4.742321425130815
-3.866461091629783
-1.991399828238082
-6.296708621881338
-5.856985199745905
-1.707743928643524
-3.694648630553376
-2.585026652029182
-1.286509456906058
-0.612610173661271
-3.879426068794150
-1.313363730737707
0.152288344383056
-4.023650020996727
-5.815308569182402
