5.13
9.71
2.62
1.55
7.78
7.10
6.04
5.49
11.15
2.62
6.32
5.27
0.19
5.77
4.40
4.70
8.27
7.21
8.11
6.49
3.48
4.19
1.86
8.52
2.00
2.43
7.29
7.40
9.33
2.64
3.08
5.13
2.73
3.22
4.60
5.60
5.87
6.63
8.19
6.75
6.99
1.02
7.97
6.75
7.06
9.35
4.28
3.97
10.59
6.59
5.13
4.38
8.83
5.26
4.90
4.85
6.58
2.87
4.11
6.94
7.50
4.06
3.68
9.93
8.16
3.85
4.24
7.84
7.54
8.08
6.28
4.32
5.28
7.01
6.56
5.93
2.53
2.24
5.07
5.62
5.69
3.87
3.42
4.83
3.73
3.11
1.48
8.15
8.19
5.13
4.84
2.60
8.77
5.34
8.01
6.21
7.73
3.13
5.72
7.66
6.83
5.93
7.72
6.06
3.43
11.09
6.00
2.15
3.20
7.93
6.63
3.05
7.78
7.20
0.39
4.25
3.93
4.15
2.20
12.95
7.77
8.89
5.26
2.71
7.42
6.46
4.32
8.06
4.74
2.19
1.07
2.06
9.62
7.52
6.31
5.01
9.61
9.79
4.93
5.25
2.91
3.69
8.26
5.75
8.63
4.13
6.25
5.59
3.18
-0.74
4.89
5.10
6.84
7.69
5.21
8.81
7.17
5.07
-0.88
1.99
6.63
6.59
3.86
7.42
3.76
3.75
7.76
4.13
1.94
3.53
10.01
5.06
4.70
5.03
6.76
6.06
5.30
-0.01
9.26
3.90
4.99
1.65
4.33
3.81
5.56
8.39
7.16
4.36
3.54
5.44
7.01
4.29
0.73
5.88
7.96
7.95
1.60
3.99
5.93
9.14
11.97
7.36
7.41
2.30
-0.11
4.30
1.54
-0.14
4.70
6.77
3.74
3.32
7.43
0.90
6.78
9.85
1.54
3.38
4.58
8.49
1.52
3.63
7.35
1.59
3.92
5.51
4.97
6.12
3.03
3.05
5.21
3.44
5.81
5.29
10.88
7.53
4.27
0.92
9.97
3.20
6.02
5.07
11.16
5.16
5.56
6.44
2.18
4.87
9.97
7.90
-1.23
3.50
6.66
1.69
2.05
5.79
3.26
3.41
4.30
3.75
3.72
9.84
9.83
4.92
2.18
9.56
9.07
7.61
-1.31
8.18
4.93
8.59
8.68
6.72
10.21
11.15
-1.37
5.73
5.82
6.68
4.95
2.68
11.48
8.22
1.29
5.17
8.26
10.05
4.81
2.07
6.00
8.30
0.18
1.57
7.73
-0.77
4.10
4.47
1.66
8.34
6.72
4.95
3.86
1.28
5.80
5.82
8.06
3.19
6.38
8.27
5.06
9.85
6.65
3.39
3.51
4.08
4.82
8.22
5.46
8.78
-0.55
3.28
2.69
7.38
5.21
4.37
7.29
8.21
1.87
5.41
0.69
6.94
8.79
5.29
7.56
7.11
5.59
9.51
4.39
7.97
5.29
6.56
6.33
1.45
4.91
5.09
6.83
7.60
2.03
5.59
5.09
8.85
4.27
6.11
7.04
2.60
5.53
8.59
10.82
6.33
2.06
10.00
10.27
7.27
3.72
3.45
8.93
5.94
5.23
5.01
5.99
3.61
7.58
7.98
10.55
1.92
6.40
4.27
2.25
3.64
4.90
8.22
1.43
2.96
3.21
9.58
4.83
5.25
2.78
8.20
2.95
6.34
4.29
6.21
2.03
8.07
4.75
6.58
1.83
1.12
5.35
7.02
7.37
3.36
6.05
2.74
1.03
5.20
7.42
3.57
4.74
5.86
7.41
6.19
3.39
4.38
1.74
2.88
2.37
4.36
4.15
4.50
10.10
0.12
3.32
6.98
4.15
7.11
4.79
4.71
0.75
1.92
3.40
4.96
6.48
4.38
6.78
3.36
8.02
3.10
8.75
4.58
6.78
3.50
4.73
7.48
5.78
3.48
3.23
7.77
2.57
4.63
7.90
6.46
4.82
6.55
7.01
3.50
0.79
9.47
3.30
6.57
7.30
7.73
5.91
2.60
13.64
8.44
3.67
-0.42
7.07
7.62
10.22
8.15
6.30
6.28
3.99
3.53
5.00
7.42
-0.15
7.72
5.84
4.02
6.55
4.68
2.02
5.08
6.60
5.43
3.44
5.56
-0.68
5.07
6.43
10.02
5.78
4.59
6.74
3.29
4.61
11.46
4.93
3.61
6.63
6.23
5.74
1.84
3.12
6.18
9.76
8.84
4.57
9.16
9.93
6.45
6.06
12.71
4.15
6.91
3.12
5.47
8.64
6.58
1.24
2.61
6.99
3.95
7.40
8.33
5.70
6.34
5.17
6.25
3.74
3.07
4.28
6.93
0.96
4.07
7.17
6.90
0.38
5.60
0.77
6.16
-0.35
7.62
2.32
3.15
4.86
9.18
10.45
7.03
3.99
4.84
7.48
3.27
2.77
-0.56
7.71
4.12
0.62
7.06
4.27
5.51
8.05
4.91
5.66
8.12
9.45
4.81
6.48
6.54
7.93
2.81
3.46
1.38
11.55
5.16
-0.24
7.48
2.85
6.34
7.91
6.05
0.89
10.98
8.20
3.26
5.62
0.86
4.33
9.34
5.38
7.72
5.56
6.77
1.85
8.74
5.88
8.52
8.28
4.80
5.85
4.08
4.08
1.66
5.21
4.98
5.79
5.48
2.71
5.84
4.66
4.00
8.08
4.98
7.00
2.27
-0.05
2.94
7.12
5.62
8.52
7.19
6.14
5.32
5.90
3.64
7.49
6.40
10.18
7.81
4.21
3.34
7.11
7.56
3.69
4.20
3.64
5.23
3.74
4.70
6.83
8.40
9.19
6.22
3.88
3.16
8.76
-0.01
7.55
3.79
6.49
8.77
8.68
6.00
7.55
7.69
3.83
4.65
7.22
4.41
10.09
6.51
2.01
3.71
6.88
8.93
1.95
6.90
4.48
4.81
0.82
2.08
6.49
3.93
7.09
5.88
4.56
5.62
8.30
1.55
5.35
5.00
3.67
3.54
9.45
3.63
4.33
4.37
7.48
5.08
4.51
6.41
4.42
3.67
2.58
5.19
7.35
4.05
7.85
6.33
6.03
1.40
5.63
5.71
7.42
5.94
2.00
9.06
5.44
2.33
4.69
3.50
7.88
3.76
5.22
6.94
9.83
5.24
8.35
9.52
3.89
7.69
7.55
5.18
3.00
6.85
6.90
6.13
2.28
7.09
7.26
10.19
8.70
4.24
6.09
6.17
12.32
4.97
5.22
4.72
2.67
5.98
5.03
6.64
9.69
7.66
3.89
3.64
6.62
-0.69
8.00
6.25
9.18
-1.34
7.68
5.37
5.68
3.04
3.59
6.42
4.15
4.78
3.19
6.18
7.48
6.87
0.77
7.72
2.79
6.45
7.05
3.96
4.45
8.29
7.62
6.97
6.21
9.16
1.19
3.43
0.69
5.55
2.68
2.80
5.71
4.53
7.16
6.19
6.40
5.77
2.95
5.90
5.79
5.76
2.71
2.18
5.24
3.32
6.67
6.42
6.80
8.03
3.78
0.23
7.66
4.28
8.43
4.40
7.58
4.05
4.07
3.97
0.41
5.79
2.31
7.78
9.38
8.38
8.33
5.07
3.73
7.67
5.29
2.20
8.15
5.14
6.31
9.45
8.35
6.37
2.43
2.30
6.16
4.62
4.80
3.26
2.87
5.04
5.06
6.80
3.47
4.66
6.59
4.98
4.51
5.81
2.79
9.53
7.50
9.09
6.26
7.41
6.90
0.98
6.09
10.94
4.59
3.53
7.59
6.26
5.33
3.59
4.79
4.00
7.32
9.89
6.44
7.89
6.03
7.94
3.64
5.81
7.13
1.73
4.30
5.64
9.29
10.00
9.53
3.77
4.52
4.25
5.42
4.62
2.30
2.18
6.19
3.74
9.88
6.09
9.20
4.33
7.85
5.92
7.11
-0.92
3.72
2.98
3.56
3.91
2.50
8.55
5.60
6.84
6.70
5.01
6.02
8.00
3.41
7.84
4.18
4.88
3.49
4.94
6.09
3.47
4.57
5.84
2.51
7.33
4.24
5.92
3.70
6.35
2.69
6.54
4.22
8.87
5.13
6.00
7.00
7.50
-2.00
5.90
9.93
3.94
6.48
5.75
3.45
4.60
4.36
3.26
8.16
6.55
2.62
9.92
6.19
10.33
8.06
6.69
4.29
5.86
6.47
7.15
3.59
5.62
9.26
5.66
6.54
7.80
6.21
5.76
9.65
9.52
4.88
7.91
3.21
0.25
6.32
3.87
5.43
6.72
6.31
7.47
3.88
3.93
2.02
5.64
5.86
4.39
5.61
3.85
6.45
5.87
4.06
3.42
4.93
6.66
6.18
7.03
4.19
7.17
0.73
-0.51
7.88
6.67
7.54
3.39
9.16
5.06
7.44
5.82
4.40
-1.90
-0.07
6.39
3.30
6.31
2.88
3.60
7.15
4.49
7.92
6.82
6.08
4.48
2.52
4.04
9.49
8.07
5.44
9.07
6.06
5.55
4.07
5.44
8.83
8.40
6.25
2.81
4.81
-1.27
5.04
4.33
11.08
8.04
1.80
3.13
0.19
5.25
5.00
3.44
4.43
9.16
2.69
4.89
1.51
3.62
4.55
4.86
2.12
4.59
6.73
3.81
-0.06
9.50
5.69
5.36
4.29
4.76
9.31
6.37
7.65
4.29
5.99
5.29
1.83
4.46
7.03
9.17
5.36
4.53
2.71
0.03
3.48
9.01
9.87
11.60
6.45
8.92
2.03
6.68
3.99
4.08
8.81
5.82
6.06
5.34
2.96
-1.39
5.11
5.67
5.15
8.95
6.29
3.37
3.57
6.89
5.44
7.14
10.91
9.37
4.83
3.43
6.00
1.72
3.18
7.71
10.36
7.88
9.20
10.81
7.63
9.24
0.86
5.78
3.55
5.77
6.05
1.94
6.44
4.11
5.57
8.60
0.06
7.03
6.37
4.35
5.06
5.77
3.87
7.23
4.28
7.68
5.95
5.22
7.44
0.95
3.51
3.01
5.84
11.75
6.31
5.01
11.11
2.00
6.46
5.94
7.45
-0.78
8.62
2.01
10.56
4.75
3.66
3.66
1.99
1.84
9.24
8.20
5.47
8.89
6.89
5.80
5.45
6.32
6.18
5.23
4.28
9.24
6.68
4.07
2.11
4.97
5.51
6.09
6.40
9.26
3.42
3.23
3.35
9.81
1.75
3.33
7.73
0.43
8.89
7.07
8.68
1.44
2.03
9.93
7.71
6.52
9.53
6.26
4.13
2.09
3.88
4.90
3.22
6.16
2.22
4.83
-0.27
6.47
5.62
3.89
2.92
3.32
3.00
10.03
5.77
5.62
2.53
6.92
2.08
2.29
2.80
5.23
4.62
3.65
5.95
4.78
4.28
5.91
12.80
7.87
3.36
6.23
-0.15
6.04
4.71
6.32
5.03
4.21
4.29
5.00
6.46
2.12
8.76
7.12
5.99
5.30
2.97
1.97
4.93
3.16
4.59
6.44
5.04
9.35
5.56
6.98
8.07
10.89
1.86
5.93
7.53
3.14
9.17
9.84
1.80
4.58
3.66
6.68
6.15
2.70
2.70
3.47
6.08
3.93
3.56
7.42
6.77
6.58
4.66
5.33
3.49
6.28
6.53
5.66
5.41
4.29
2.48
1.91
6.76
1.26
3.37
7.25
6.39
3.47
4.68
5.48
2.25
6.10
4.93
6.97
2.77
4.58
8.12
10.31
2.87
6.34
3.21
5.22
3.86
6.00
4.65
6.43
6.11
11.86
1.56
11.15
5.50
10.14
4.67
6.63
3.91
3.13
7.24
5.88
0.06
7.34
4.97
7.53
9.02
1.42
5.11
5.35
10.29
5.51
0.88
9.28
9.41
6.45
10.45
3.32
8.38
7.36
7.39
6.14
3.66
2.32
4.89
6.15
8.03
4.25
3.48
-0.41
7.63
6.40
5.18
6.72
6.37
8.20
-0.38
5.99
5.96
4.26
3.15
5.20
4.45
3.31
5.95
7.97
0.92
2.66
4.62
10.52
3.19
3.84
5.38
3.31
6.51
2.43
4.18
5.90
3.96
6.01
9.45
5.64
7.46
1.40
4.46
6.63
8.54
4.22
6.74
4.97
5.27
6.66
7.00
5.68
6.11
6.38
3.25
4.90
6.18
8.64
2.55
5.64
5.87
5.26
4.10
7.35
3.55
2.35
4.56
3.35
2.59
1.59
3.50
5.40
10.16
0.93
8.74
1.65
5.74
7.88
1.76
7.15
6.29
5.19
3.16
5.75
4.26
7.48
9.35
5.53
5.30
2.36
4.75
6.76
3.70
9.08
4.78
1.62
-0.86
8.20
8.35
6.62
6.57
6.55
6.04
8.28
5.62
4.08
5.72
4.63
1.32
3.15
7.59
4.43
9.17
11.82
9.70
7.40
5.23
9.23
3.51
7.21
5.02
-0.32
2.47
4.58
-0.20
5.93
5.61
-0.09
6.99
0.12
4.36
5.96
7.65
4.62
4.22
9.96
6.31
4.66
4.07
7.28
0.38
5.98
8.22
4.25
7.48
0.72
9.40
8.66
9.96
3.61
9.14
6.56
5.35
5.02
6.24
6.67
6.55
10.61
5.60
6.19
6.54
5.34
6.74
7.66
3.18
5.59
7.59
6.67
6.47
3.34
-1.72
4.05
4.47
12.56
4.13
6.07
12.09
7.45
9.67
7.80
5.96
5.47
8.08
0.04
1.48
4.59
5.25
1.26
5.73
4.39
2.52
9.89
6.72
3.93
5.01
0.77
0.17
6.49
6.69
6.27
4.91
2.67
3.83
3.56
5.13
7.85
6.02
4.04
3.84
7.02
5.03
6.00
8.36
4.18
7.35
0.82
4.55
4.77
5.93
8.44
5.46
6.05
7.66
3.13
4.15
9.52
6.85
2.67
3.86
4.83
3.65
5.96
2.81
5.38
4.29
6.27
0.80
4.87
1.02
8.67
2.74
3.60
1.93
5.55
12.44
7.44
5.52
9.40
6.20
4.74
9.18
7.39
8.00
6.43
6.67
3.91
4.35
6.04
4.74
7.90
11.51
4.05
-0.02
6.29
10.25
0.07
6.37
5.61
8.66
10.13
5.37
7.08
2.65
3.71
4.58
7.68
8.67
5.37
1.80
8.76
2.73
3.62
5.28
10.64
8.91
4.96
4.17
4.37
1.35
2.91
-1.32
-0.70
0.84
5.59
6.02
6.77
4.43
9.73
6.28
3.56
5.40
4.15
-0.84
3.80
-0.81
4.67
5.41
8.96
8.37
7.09
7.40
7.22
7.17
6.42
-0.06
3.86
6.45
8.83
-0.84
4.77
6.51
4.03
4.96
6.13
7.77
5.83
4.58
10.82
9.59
6.75
7.27
9.48
7.86
8.59
8.58
8.26
7.64
5.90
0.13
-0.46
3.46
3.63
-0.36
3.22
2.67
3.39
2.54
-0.48
1.64
-0.39
1.65
4.96
5.74
4.97
7.16
7.16
7.79
5.26
9.36
8.82
6.34
8.14
2.44
4.54
10.67
8.54
7.93
4.07
9.29
2.74
0.26
5.56
5.00
2.49
8.28
5.50
8.26
5.78
5.57
8.52
9.08
1.75
8.25
4.85
6.18
7.92
5.57
3.22
9.01
-0.09
5.39
7.55
9.25
6.92
8.50
2.98
8.13
1.90
4.38
4.16
4.53
5.62
3.87
6.77
6.35
4.37
8.03
-0.17
3.09
5.42
2.45
7.71
5.23
7.29
3.36
4.92
6.06
3.17
5.53
4.27
8.86
-1.07
5.20
4.79
7.51
0.37
5.39
4.58
8.20
0.78
7.64
13.82
6.04
5.31
3.41
1.99
8.55
5.92
6.57
6.03
7.56
5.36
3.49
4.78
2.39
4.97
5.29
3.19
8.45
5.89
6.58
5.38
1.87
5.06
7.06
0.95
5.84
5.48
3.76
5.34
9.38
6.78
4.27
8.76
6.81
2.43
5.66
6.81
6.31
5.35
6.02
4.27
6.86
5.07
1.25
5.87
5.08
-0.23
3.43
2.28
8.96
5.75
7.15
2.89
4.13
1.96
-1.35
5.80
6.92
4.65
9.65
10.79
4.11
10.60
3.95
5.84
9.23
4.10
5.08
5.62
6.69
1.93
-0.45
5.32
8.26
5.50
7.52
5.04
4.00
9.02
4.79
7.13
2.03
6.43
6.33
1.78
7.14
6.13
3.45
7.35
3.43
5.67
3.98
3.12
2.19
6.85
4.45
6.54
7.81
4.32
7.55
-0.82
0.47
2.15
6.32
2.33
3.49
4.54
9.38
3.47
1.65
6.82
4.77
4.01
5.33
5.96
2.96
7.23
0.34
5.17
1.66
4.43
4.78
4.51
1.12
1.16
5.45
5.42
6.06
-0.11
2.96
6.14
3.93
3.83
3.56
4.15
5.86
6.03
11.15
3.10
6.57
7.41
7.07
4.76
4.10
8.09
3.43
7.94
-0.24
6.33
-1.59
7.71
2.77
4.87
2.93
10.35
8.58
4.24
9.78
3.41
-1.34
-0.02
5.09
8.79
7.90
1.78
5.32
10.24
4.64
8.15
6.35
8.03
5.71
5.14
3.30
5.70
6.71
-0.05
13.64
3.71
5.46
3.00
2.98
2.12
2.68
4.77
2.19
1.11
6.82
2.01
6.15
5.01
4.94
12.61
7.84
10.01
8.30
2.05
11.23
5.58
6.47
11.50
6.93
5.66
2.18
4.05
6.69
5.74
6.07
6.48
1.50
9.60
7.19
8.48
3.56
10.39
6.06
7.94
6.49
8.07
11.15
6.07
3.26
7.09
6.40
6.79
8.20
6.48
4.14
7.92
1.64
2.03
10.00
4.15
7.78
1.11
1.43
4.18
10.37
4.90
2.94
4.09
8.07
9.38
3.73
6.42
7.99
4.30
8.56
0.94
6.33
4.12
4.68
3.43
4.72
7.34
2.99
5.77
7.44
5.87
4.83
9.85
7.95
6.35
9.73
1.94
0.00
6.99
7.19
6.00
4.15
0.25
10.89
6.60
8.60
6.92
9.52
6.38
2.08
2.83
6.70
3.30
3.68
4.92
7.40
9.95
5.34
7.44
2.24
4.82
10.39
7.19
4.18
7.74
8.42
5.83
5.76
12.67
1.36
7.54
-0.09
9.79
3.38
7.36
0.53
8.21
6.38
4.62
8.05
2.52
6.82
5.94
6.37
7.19
7.16
6.50
7.15
10.26
6.13
9.60
6.74
6.75
3.83
5.53
8.20
3.61
9.18
4.99
6.84
-1.32
9.55
6.97
4.94
9.60
4.00
7.73
3.57
8.11
5.35
4.09
6.89
6.81
7.61
9.61
7.19
7.63
4.30
4.28
6.14
3.43
7.86
6.41
6.89
7.52
6.07
5.13
1.83
-0.65
4.12
8.47
8.88
4.37
7.75
6.94
4.58
4.43
13.02
6.19
3.58
4.56
6.40
2.91
2.50
5.13
2.45
4.11
4.19
2.61
3.69
2.77
7.28
4.07
6.28
2.24
6.42
5.24
8.47
7.11
8.02
3.50
8.87
9.80
5.52
3.81
2.77
6.85
4.30
5.61
3.18
1.38
6.70
8.41
6.72
8.50
7.43
3.60
9.22
9.11
9.52
8.03
5.98
2.62
7.17
10.30
3.79
4.65
6.90
7.10
8.38
7.14
6.98
5.22
7.38
3.94
6.71
4.64
10.14
4.86
5.83
3.19
4.72
3.86
8.05
8.68
7.18
4.07
2.78
9.65
6.60
0.75
5.85
7.60
0.69
6.29
5.42
5.05
7.02
5.39
6.12
4.24
2.81
8.56
8.85
5.14
5.06
1.72
5.94
10.08
9.95
7.49
8.41
9.48
7.80
5.27
9.64
0.63
4.03
5.83
7.86
3.92
4.69
4.33
4.74
5.75
6.47
1.69
3.17
6.54
4.50
5.71
8.35
4.61
4.81
1.03
5.31
1.33
7.25
4.41
7.83
5.03
6.10
4.80
4.84
7.35
5.41
9.24
0.99
-0.23
3.58
7.83
6.83
7.22
7.14
3.36
5.21
7.59
11.01
3.35
4.02
2.47
2.48
5.07
7.58
9.37
0.83
9.61
4.08
10.49
7.93
5.68
7.44
7.84
8.55
5.17
5.10
6.01
8.08
7.05
5.17
8.18
4.24
4.59
5.17
4.09
6.69
4.43
7.25
1.61
2.66
2.55
8.38
8.84
4.75
4.70
6.86
2.99
4.20
7.99
7.60
4.08
9.53
6.74
6.96
3.64
2.54
5.11
0.00
6.88
10.11
6.76
5.95
7.58
5.15
3.73
6.01
11.27
7.22
7.89
6.73
5.58
3.91
1.72
5.56
6.69
5.18
3.83
6.29
2.42
2.91
4.44
8.23
4.96
-1.23
2.65
5.06
8.58
5.87
7.86
5.18
7.43
8.35
4.58
4.36
-0.36
8.84
5.07
6.57
3.39
5.57
5.27
2.45
0.80
2.64
3.72
1.55
6.89
6.80
5.89
8.02
7.81
3.60
4.74
5.94
5.25
6.00
7.17
3.81
2.10
2.26
3.72
-0.50
1.86
-0.41
3.45
3.49
3.09
5.33
4.54
8.14
4.21
7.30
7.28
10.64
10.30
7.61
10.85
5.90
7.35
4.18
8.82
1.92
7.30
2.29
6.69
4.72
3.92
4.34
6.54
3.49
7.40
4.37
7.74
5.12
5.37
4.79
5.22
8.95
8.27
7.23
1.61
2.86
6.11
2.69
4.65
8.44
6.39
7.28
5.08
4.81
5.96
2.80
4.23
-0.07
6.47
2.23
4.06
4.02
1.47
2.68
6.59
9.16
8.17
7.13
5.21
4.05
5.60
3.87
1.00
1.76
3.06
9.62
7.03
6.93
6.26
4.02
3.91
4.74
3.22
6.53
5.78
8.53
0.89
5.99
5.07
3.24
2.67
4.55
9.30
8.75
3.65
2.94
-0.69
5.60
3.06
6.08
6.43
9.81
2.97
3.00
1.99
6.74
2.24
9.68
5.46
10.82
11.09
3.95
9.21
2.47
1.03
5.24
6.97
6.69
4.97
9.70
3.75
2.91
5.38
6.80
1.63
3.76
7.04
9.20
6.59
7.59
9.52
11.03
3.56
8.20
7.23
9.72
9.79
3.14
6.48
4.66
3.96
7.47
5.89
7.63
1.46
4.62
5.35
8.06
5.38
7.77
2.25
5.96
5.91
3.17
3.92
7.40
7.18
3.83
7.34
-1.25
0.02
6.70
10.74
5.43
5.88
7.81
4.74
3.36
10.14
5.81
8.77
5.31
3.99
4.55
6.94
0.88
2.76
4.77
9.71
3.35
4.35
6.35
6.68
8.80
4.75
5.36
4.37
4.49
1.83
3.76
3.59
6.64
4.74
7.74
5.31
10.36
7.04
8.65
9.12
6.85
8.00
4.77
6.06
4.37
10.32
8.14
5.78
4.48
5.80
9.38
4.32
6.73
7.94
3.76
3.92
6.11
4.00
9.48
4.99
7.33
2.14
9.60
3.17
9.18
4.14
10.13
8.01
6.86
4.96
3.40
9.88
5.88
7.47
3.67
8.31
7.63
6.45
2.01
6.76
5.04
7.49
4.73
3.70
8.64
7.76
6.47
1.57
4.35
6.34
4.26
8.10
10.50
4.55
2.64
6.80
4.96
7.04
7.03
4.48
8.38
3.81
0.89
2.38
7.43
3.89
4.27
2.85
4.83
3.33
4.01
2.57
10.10
4.83
7.30
9.19
5.99
5.95
2.65
7.64
6.74
6.08
2.23
10.63
8.66
4.82
6.62
6.85
6.95
4.33
4.85
3.39
6.55
-1.37
10.15
10.32
0.94
5.80
3.52
9.01
3.51
2.22
2.83
4.37
3.61
6.48
10.56
2.85
7.94
6.95
1.55
5.56
2.64
4.18
5.49
4.44
4.81
8.08
4.60
5.03
1.90
9.38
2.88
7.84
1.72
5.68
1.45
-0.20
3.26
4.32
7.46
2.79
6.10
9.41
7.08
5.27
3.91
1.54
6.30
-0.37
1.75
4.50
6.48
10.88
3.40
6.64
7.24
1.59
5.51
4.51
5.67
8.19
6.44
3.92
6.94
5.93
5.37
-0.31
9.83
1.21
2.74
7.63
5.72
3.96
5.03
4.69
1.41
6.90
4.48
7.04
8.85
1.64
-1.39
5.52
6.68
6.74
5.63
6.44
5.60
5.30
5.16
5.90
-0.29
5.58
7.24
6.53
8.68
5.66
2.63
3.00
1.83
4.85
5.94
8.52
9.78
8.70
5.10
4.80
6.37
9.42
8.19
5.07
3.68
5.04
4.85
2.70
8.63
4.44
8.14
7.19
6.62
9.70
7.67
5.47
4.18
5.57
7.56
5.77
7.78
3.44
4.73
5.82
5.04
8.70
5.78
4.59
7.08
3.89
7.21
2.51
10.83
10.07
11.75
4.06
2.86
4.55
3.84
5.30
5.81
10.84
2.58
9.97
9.83
3.66
5.22
3.42
4.94
7.27
2.81
6.39
4.59
10.95
3.79
6.39
9.69
6.47
6.92
3.71
2.86
7.50
7.01
4.00
3.67
6.80
5.29
4.32
4.49
3.61
2.51
5.36
5.14
5.35
2.08
2.14
4.69
2.15
1.51
2.34
6.40
-0.61
0.85
7.59
6.67
1.96
6.04
9.02
2.81
1.58
5.26
1.48
4.84
6.12
4.32
10.31
7.54
4.12
4.54
4.91
4.32
5.56
7.74
7.39
5.09
10.11
5.31
9.90
5.84
4.20
3.66
5.27
9.28
1.83
3.80
5.52
6.04
8.51
-1.81
6.45
4.23
4.48
6.61
2.11
6.28
3.33
2.91
2.00
7.61
6.81
4.06
7.39
3.56
3.77
6.56
7.65
8.47
6.67
8.40
9.32
9.53
3.88
8.63
2.83
6.43
4.95
1.82
8.80
7.32
4.51
7.32
4.08
2.71
7.14
7.04
4.24
1.79
4.32
6.60
6.80
5.93
8.65
3.61
0.94
2.16
7.19
6.82
3.81
3.59
7.15
5.59
5.68
4.77
3.11
0.01
9.07
5.91
6.77
6.27
6.45
8.13
0.14
4.58
1.89
7.18
6.73
8.57
0.17
2.15
4.21
8.99
10.36
8.08
12.37
2.66
5.24
8.67
4.94
5.18
4.37
0.04
4.29
8.74
5.82
5.87
6.71
9.52
6.42
8.42
5.91
1.07
2.18
8.24
6.17
9.30
3.47
2.67
8.38
7.07
3.38
4.23
4.25
8.23
7.80
3.57
4.99
0.55
7.86
6.00
3.49
4.05
5.76
5.24
6.38
7.21
3.37
6.84
3.07
4.85
6.78
5.99
4.63
3.44
5.76
2.20
0.83
4.27
4.51
6.16
6.88
8.28
2.72
8.12
6.12
4.36
6.56
4.40
6.44
-0.72
3.62
5.72
5.11
8.38
2.81
1.00
3.99
1.41
7.66
7.81
4.85
5.58
2.38
3.24
3.68
1.19
7.40
9.91
4.60
6.35
2.56
3.15
5.82
5.16
9.89
3.31
5.00
7.73
4.26
11.27
8.37
5.92
4.82
3.12
1.65
5.02
6.63
5.86
4.14
7.81
7.00
7.89
2.59
6.11
5.96
4.42
6.63
4.16
3.32
3.84
9.61
4.05
4.45
6.98
6.93
4.47
3.87
3.73
5.36
6.21
5.77
6.17
2.77
3.02
6.96
6.76
8.18
3.05
3.92
3.21
1.99
-0.85
4.21
2.87
1.86
3.91
4.78
2.29
6.13
7.74
7.96
2.10
2.36
7.09
5.20
3.05
6.39
3.42
4.66
4.95
1.70
3.14
5.03
0.41
2.82
4.55
6.64
6.43
5.45
1.51
9.95
2.55
4.44
4.19
0.22
3.76
4.69
8.32
4.51
2.46
3.24
3.72
5.99
4.47
8.30
3.85
4.89
6.74
4.77
5.66
3.36
8.52
6.27
4.96
-0.31
6.60
5.47
9.40
5.14
8.62
4.03
8.37
6.29
3.56
3.49
4.35
2.52
11.29
3.24
1.88
2.62
5.47
5.51
6.89
6.32
9.23
6.34
3.45
5.36
7.87
2.95
4.73
3.86
5.27
3.84
4.69
7.69
2.49
4.84
5.64
7.74
5.89
6.62
9.86
10.20
4.90
2.98
-0.45
3.17
1.55
1.81
3.41
8.81
11.33
3.23
3.21
3.61
3.24
4.87
1.92
5.29
3.27
5.93
3.54
5.53
5.84
4.75
3.81
4.42
6.56
4.51
0.97
6.03
7.19
0.05
3.30
7.20
3.47
6.05
6.48
4.34
9.38
7.12
9.45
7.09
9.31
4.80
4.71
3.95
6.20
5.60
4.76
4.20
5.22
0.80
7.80
10.19
1.38
4.38
3.71
2.03
4.31
8.46
5.00
6.46
8.65
3.68
6.80
8.30
5.98
3.07
5.47
4.77
7.96
7.63
2.38
9.92
3.81
6.01
1.02
7.85
5.72
2.54
9.75
2.43
8.13
4.61
4.48
6.63
4.07
-1.42
-0.35
10.51
8.63
7.06
5.71
-0.17
6.04
8.47
4.64
5.28
2.68
4.83
5.44
11.02
3.44
6.67
7.52
8.09
3.39
12.57
1.30
4.43
7.98
0.83
5.25
4.97
5.00
5.20
3.91
4.82
4.07
5.68
5.32
3.94
6.96
8.12
4.13
4.84
3.13
2.51
9.15
3.52
3.52
8.23
5.23
4.82
4.69
7.27
8.60
7.31
5.51
4.50
9.13
1.53
5.28
4.11
8.35
6.28
3.53
6.70
6.37
3.33
2.17
4.17
2.09
5.77
5.91
3.46
5.49
6.11
8.14
2.91
3.74
-0.92
3.41
4.47
5.74
-0.30
7.32
7.22
4.70
7.08
9.96
7.37
5.31
3.99
5.70
6.22
0.88
4.54
7.41
4.95
3.60
5.13
8.05
6.91
1.72
8.25
6.64
2.62
1.71
7.61
6.41
3.00
8.14
9.09
3.57
7.19
3.06
3.81
2.54
5.99
2.61
4.98
3.88
8.16
