50.5
40.7
46.5
51.6
40.2
45.1
39.3
61.1
45.2
27.3
23.8
27.7
36.5
38.1
41.1
35.4
27.9
25.9
40.6
52.0
38.3
61.9
32.9
35.2
32.5
52.4
45.2
20.1
31.9
39.7
37.0
31.2
24.6
30.4
56.3
30.6
28.8
40.2
32.5
32.4
35.0
34.5
29.7
32.6
56.8
46.3
47.2
48.4
30.2
30.9
48.0
86.5
38.3
62.1
26.9
42.4
44.2
44.6
18.5
42.2
65.2
29.8
42.0
52.0
37.6
90.0
54.8
73.3
57.7
27.2
68.8
57.3
38.4
44.8
46.7
69.9
32.4
60.9
60.5
48.7
34.8
50.2
105.9
31.7
35.7
58.1
28.4
31.6
46.4
63.4
33.0
58.4
35.1
49.5
47.5
47.3
42.9
59.8
35.9
54.9
32.2
46.4
55.2
59.5
68.0
51.0
66.3
52.7
28.1
31.9
38.0
35.2
46.8
42.6
43.7
38.0
54.9
44.0
71.1
79.5
39.9
105.2
68.5
60.9
29.9
31.7
21.8
49.1
34.8
21.3
22.1
66.5
22.4
31.6
21.1
39.8
39.7
30.6
26.6
26.4
35.1
26.5
30.3
26.7
26.8
24.9
28.7
56.4
31.5
31.8
41.4
35.3
35.1
31.5
65.3
20.1
30.5
35.6
33.1
23.9
25.5
29.1
35.7
27.6
47.5
89.8
60.4
75.6
43.4
95.9
101.2
111.4
65.9
110.4
49.0
87.6
47.8
111.5
63.5
49.5
47.3
45.3
58.4
52.3
58.8
42.6
46.6
50.0
60.2
131.1
55.2
60.1
41.6
79.3
46.0
51.3
45.9
55.8
56.6
43.5
49.0
55.2
52.3
84.4
49.8
62.7
85.9
44.9
111.6
33.9
42.5
101.6
79.1
64.2
64.4
59.0
49.8
48.8
78.7
42.3
38.0
46.8
50.5
91.8
56.5
43.1
89.2
60.6
80.3
54.9
80.2
48.5
45.9
39.6
50.4
61.0
36.0
41.4
31.7
35.0
51.0
79.7
45.6
37.2
58.3
51.4
51.9
68.9
56.6
46.3
60.4
59.6
51.3
53.2
62.5
53.3
52.2
51.8
56.2
66.0
59.2
73.2
71.2
70.5
79.1
106.0
98.5
72.9
62.4
83.8
65.3
60.4
79.7
69.9
84.6
56.4
56.5
53.4
34.6
41.8
37.6
52.9
35.1
44.8
48.6
39.3
62.9
50.8
59.5
44.9
69.0
39.8
39.3
40.0
52.5
51.2
49.2
53.1
45.6
47.0
35.6
40.0
29.8
59.3
37.3
35.7
34.1
36.6
44.5
39.3
38.1
57.2
57.2
45.1
44.8
34.1
55.1
31.9
38.3
50.6
65.5
44.7
63.9
40.8
39.8
30.8
31.5
44.7
39.6
59.1
71.1
39.8
43.2
49.7
36.2
42.1
53.0
76.4
78.8
74.2
39.7
29.8
40.7
54.4
48.9
80.8
56.3
56.7
38.1
39.3
91.8
62.5
67.4
65.3
43.1
53.3
43.7
50.6
43.7
45.2
77.9
62.2
60.5
36.9
39.8
49.5
56.0
49.8
80.8
86.2
38.2
42.4
72.8
51.2
55.6
69.4
64.2
45.0
53.3
59.0
68.4
67.0
63.2
54.4
45.1
60.3
74.2
54.9
65.4
73.4
77.3
64.0
69.3
51.6
39.1
40.2
61.1
53.2
78.1
66.5
71.4
49.8
40.8
54.2
42.1
48.6
68.5
68.2
53.9
48.8
49.1
75.6
66.6
52.7
68.7
113.0
44.6
61.1
78.3
56.3
39.7
75.3
58.5
44.4
38.8
30.8
50.7
63.9
45.3
33.9
59.3
47.5
58.9
45.2
85.6
73.1
79.2
61.9
48.8
40.5
64.2
65.3
77.0
47.4
70.0
56.1
64.3
61.4
62.2
67.7
44.0
80.2
54.8
117.5
68.8
91.3
43.5
67.6
71.1
53.2
56.0
76.8
39.4
44.7
44.2
48.7
60.4
70.3
45.9
48.6
83.8
37.7
40.3
52.6
58.8
79.4
36.5
61.3
53.7
69.9
76.6
89.6
52.7
57.6
74.5
82.1
58.7
77.8
75.2
45.7
70.7
42.2
39.5
43.8
61.8
56.4
39.0
71.3
44.5
70.9
67.0
121.5
33.9
37.6
42.5
60.9
59.5
79.5
79.5
53.7
61.5
65.3
63.7
39.3
78.0
63.3
58.1
63.9
50.1
72.3
86.9
85.3
73.0
49.7
69.1
48.0
65.0
57.0
40.6
75.6
39.1
47.0
55.6
46.3
62.3
30.3
44.9
42.9
46.1
51.1
78.8
67.8
69.4
67.6
40.0
76.1
82.9
65.9
38.7
58.7
35.8
39.3
70.5
85.3
74.7
28.2
61.2
42.8
57.6
52.7
34.6
44.8
32.5
70.7
75.7
44.2
52.8
54.1
36.5
15.6
120.2
28.3
36.2
49.9
88.4
81.3
141.0
30.7
29.7
20.3
44.9
28.7
33.1
31.6
35.6
38.8
42.7
41.6
65.5
47.8
65.9
42.8
50.7
49.1
54.4
51.9
35.0
30.3
37.2
45.8
49.7
46.1
47.5
42.4
62.3
22.0
103.6
74.8
29.4
34.1
32.9
49.0
49.8
79.9
44.8
37.5
30.8
37.7
94.6
34.9
94.4
30.7
31.8
77.8
45.7
48.5
45.2
38.4
50.8
43.1
31.8
35.9
32.6
26.9
43.4
30.0
40.2
36.7
28.3
33.2
48.9
51.4
54.1
38.5
55.0
40.5
45.3
50.5
33.8
113.8
57.6
36.8
53.5
31.7
42.5
45.7
36.5
31.6
28.8
53.6
38.8
36.0
27.1
45.2
56.5
47.3
64.5
26.6
33.3
57.7
29.9
35.0
46.7
36.8
41.9
74.8
31.9
34.1
44.0
40.2
61.2
42.9
36.3
26.0
20.0
42.2
34.9
45.8
31.7
41.1
73.1
33.4
37.9
40.8
55.9
36.0
31.4
38.4
39.7
86.6
59.0
48.7
32.5
45.7
62.1
38.7
39.5
29.4
38.4
48.3
33.8
52.6
27.6
41.8
34.7
45.3
41.5
47.0
47.4
118.5
46.5
54.8
33.5
55.5
64.1
108.8
66.3
53.2
55.7
35.3
64.2
113.7
65.6
39.7
42.1
85.0
70.6
31.0
31.2
49.4
72.5
18.9
40.9
64.0
26.8
73.5
37.5
40.7
41.1
32.1
31.0
48.3
32.1
46.7
35.6
114.7
64.0
62.9
44.5
60.5
84.6
58.3
44.7
37.5
53.1
51.4
38.3
48.8
48.1
53.1
60.3
53.6
59.3
53.7
71.8
63.7
56.2
63.1
46.3
47.6
51.9
39.8
47.2
56.1
50.7
54.9
52.9
59.3
60.0
32.4
66.3
65.9
53.8
60.2
60.5
39.6
65.7
46.0
66.4
69.2
44.7
58.0
61.4
57.0
45.1
44.0
71.4
38.6
43.6
37.4
58.5
98.9
56.2
49.5
70.0
58.8
47.7
73.6
46.9
36.8
60.7
41.9
42.3
72.5
46.9
56.4
50.6
56.1
69.6
70.2
33.0
46.9
50.1
37.6
69.3
35.0
50.6
65.5
69.4
69.6
40.0
35.0
65.2
42.2
50.7
40.2
43.7
53.9
82.2
53.0
81.2
44.3
52.7
47.6
54.0
45.3
43.7
45.9
56.0
58.8
61.7
43.5
60.7
56.5
58.3
41.9
42.4
53.7
62.5
57.7
53.6
57.5
61.7
38.7
35.0
94.7
34.4
35.7
57.7
67.0
71.6
58.8
51.8
58.6
60.1
59.2
69.0
54.9
68.4
73.8
44.0
42.0
52.9
62.1
51.4
71.8
38.6
49.3
43.2
37.3
69.4
50.1
51.7
69.1
69.6
46.8
63.3
94.5
63.0
29.3
31.2
83.4
59.2
33.3
44.5
31.4
46.3
82.7
59.4
55.8
54.0
63.2
66.6
35.9
41.8
59.4
38.9
35.7
51.0
38.1
30.6
66.1
53.2
70.1
70.4
48.1
54.1
42.8
72.5
52.6
40.3
59.8
67.7
26.4
55.2
65.1
48.7
56.4
48.0
43.6
38.3
37.2
51.9
92.0
36.4
72.5
72.6
58.2
58.4
65.5
36.8
41.2
56.6
60.3
41.4
45.4
31.1
40.1
64.3
44.8
70.5
64.0
59.8
59.9
36.6
43.6
77.7
50.1
60.8
42.3
27.7
32.6
46.4
74.6
66.1
77.9
62.7
54.7
90.6
41.6
66.5
40.3
41.3
67.2
37.5
75.3
50.9
63.6
57.1
63.7
56.9
47.8
86.1
57.3
63.6
45.8
48.6
55.1
65.7
53.6
80.2
53.2
30.0
36.8
48.8
71.6
57.1
52.1
63.7
46.7
62.0
59.5
137.0
62.8
58.9
54.7
60.1
55.9
58.6
61.4
52.1
50.8
33.5
76.9
85.2
50.9
31.6
48.2
44.1
40.9
47.9
44.0
55.5
33.0
45.1
35.9
34.1
53.9
45.3
40.5
36.9
106.4
39.4
57.2
36.4
31.8
53.6
28.7
66.6
31.3
62.7
54.7
44.7
73.2
37.8
70.7
52.8
88.1
47.7
33.9
37.9
55.2
84.7
38.9
42.2
87.1
25.2
69.7
39.9
65.2
45.9
61.0
84.8
60.7
44.6
40.2
41.3
90.2
58.3
42.1
43.6
57.6
89.2
34.8
43.3
60.0
54.6
48.5
71.7
67.1
57.0
38.1
40.8
50.9
41.7
51.6
44.2
33.1
54.1
54.5
54.6
54.9
60.4
51.1
40.0
62.2
75.5
49.3
34.4
45.8
47.3
46.6
44.8
51.9
63.1
32.7
58.3
61.3
77.1
37.3
75.5
56.6
40.6
93.3
31.3
50.0
80.3
66.5
46.5
61.6
50.2
30.7
40.8
110.4
41.5
30.1
46.2
80.2
61.7
55.8
69.5
32.3
98.9
59.0
79.1
66.2
52.0
40.0
55.3
57.5
38.1
56.4
70.8
44.7
63.5
65.8
38.8
66.5
78.7
45.2
76.7
55.7
50.0
64.4
39.3
47.6
53.9
49.9
57.1
52.5
75.6
41.3
47.7
74.7
57.7
63.9
37.9
69.8
45.4
67.7
61.3
48.4
67.1
61.3
57.7
42.0
101.6
86.6
48.0
91.1
71.4
37.1
70.3
69.1
94.4
58.4
48.9
62.7
53.6
52.4
66.2
61.9
56.6
63.8
43.3
58.6
63.2
73.1
39.7
55.9
44.0
55.9
76.8
50.0
66.4
48.6
42.9
42.0
64.9
46.7
91.5
66.8
62.9
40.7
39.3
63.9
66.0
45.5
37.8
34.8
55.1
46.5
44.1
104.9
86.4
51.0
52.7
80.6
50.3
38.3
52.2
78.5
67.6
49.5
59.7
48.3
54.1
52.8
60.9
50.3
39.8
59.0
57.6
47.5
59.9
44.1
54.8
42.3
53.8
56.4
50.3
81.8
54.2
92.1
39.1
86.6
52.9
69.1
45.6
57.0
63.8
71.0
63.5
42.7
62.2
50.7
91.4
54.7
62.5
77.4
47.9
54.7
51.7
49.2
41.4
47.3
41.3
45.1
64.4
57.3
55.5
108.6
86.4
119.3
120.1
112.1
88.5
89.2
79.1
58.2
78.7
79.2
66.7
89.2
89.3
119.7
109.5
73.3
98.5
87.8
50.0
67.9
48.5
79.6
79.8
125.9
98.9
99.5
109.7
38.5
60.2
65.4
66.4
62.1
43.6
149.2
76.2
106.2
90.8
90.9
44.7
124.8
89.1
58.8
236.2
70.7
37.6
64.5
154.5
99.7
99.8
82.3
136.9
89.7
84.8
199.2
106.3
170.6
44.2
100.0
100.3
70.1
82.4
58.9
78.7
95.5
79.2
80.0
120.2
64.5
84.7
71.2
71.7
46.9
91.1
91.7
66.7
116.8
68.6
112.5
44.6
45.4
100.6
101.0
117.5
59.4
107.8
70.9
64.7
78.5
49.5
154.5
99.9
107.1
127.4
138.7
98.9
65.8
153.7
95.1
69.5
106.0
88.3
48.5
47.6
76.5
90.2
102.5
60.8
56.6
90.8
121.6
148.0
83.1
138.0
71.5
96.4
81.5
91.7
122.5
56.6
53.0
91.9
81.3
80.8
81.1
72.5
70.5
127.3
85.3
108.2
110.2
55.1
50.4
87.8
101.1
154.6
89.6
110.6
111.3
62.5
64.4
73.0
51.3
51.4
79.3
80.0
78.1
91.3
44.3
102.3
128.2
104.5
108.3
80.7
81.0
70.0
120.8
64.0
90.7
91.0
81.4
79.7
86.4
73.5
79.2
79.9
72.8
78.7
78.8
61.5
79.8
80.2
109.6
81.0
88.2
88.8
89.2
100.0
72.9
74.8
89.7
83.4
67.9
56.6
135.9
65.5
53.6
63.8
48.1
70.9
60.0
76.0
42.8
106.2
118.3
122.6
45.4
46.9
48.3
113.5
54.7
90.2
90.7
52.5
67.6
69.0
88.5
134.1
81.0
52.3
64.9
108.7
88.7
79.1
80.4
217.1
91.8
107.9
88.0
117.8
132.6
126.1
74.3
108.4
183.8
97.8
121.0
99.9
100.5
104.0
105.0
95.3
104.4
69.0
111.3
111.8
87.1
89.3
152.2
73.2
73.5
51.4
67.9
80.3
80.5
80.2
80.5
96.4
72.1
111.2
130.0
116.7
50.6
69.8
88.4
89.0
109.1
78.8
60.2
154.7
58.4
101.1
101.5
127.9
76.8
83.5
100.3
49.3
57.8
111.0
94.7
98.2
98.9
55.3
131.8
147.1
73.5
143.7
135.4
180.0
97.1
69.7
70.6
79.6
80.3
135.9
88.7
60.3
80.7
82.5
82.6
65.0
89.9
112.0
54.9
55.0
142.0
116.6
88.1
52.1
55.5
93.4
45.8
45.9
55.9
60.2
61.8
108.5
60.7
90.5
90.8
98.0
81.7
80.3
80.6
78.8
95.3
89.1
120.8
90.8
49.0
49.5
119.6
120.4
52.6
70.9
65.9
92.7
79.3
87.8
89.1
89.6
71.1
91.0
91.0
101.7
101.8
90.0
90.4
64.3
58.4
61.2
94.1
69.6
67.5
79.1
60.8
91.1
87.2
87.2
82.9
72.6
86.4
157.5
133.0
52.5
94.3
75.6
124.7
100.3
100.8
48.5
46.9
34.3
84.9
42.7
43.1
33.0
46.0
43.5
35.2
42.2
32.6
39.3
42.9
34.3
47.3
31.7
38.9
46.0
32.6
32.8
46.4
46.9
47.6
39.1
60.8
38.1
42.0
39.3
40.2
47.7
42.6
192.6
35.6
32.8
102.1
41.7
90.0
243.0
40.4
38.7
41.7
54.8
37.5
52.8
32.3
31.0
38.9
38.9
42.9
48.5
62.9
44.6
38.9
48.1
42.1
94.5
38.5
44.5
48.5
91.9
47.3
38.5
43.3
38.5
69.8
38.1
128.1
47.5
35.8
36.4
46.4
119.0
279.7
80.6
37.3
43.5
39.3
108.1
39.3
36.3
213.5
35.7
39.3
38.9
38.9
45.2
45.2
324.0
70.7
31.6
34.7
38.0
49.0
38.4
172.7
46.0
42.7
261.8
65.8
37.8
288.5
70.2
33.3
46.4
54.0
136.9
27.8
49.0
114.5
37.7
51.0
43.3
47.7
43.5
49.5
36.5
147.1
47.3
40.1
45.6
40.2
42.3
340.3
34.3
34.3
39.7
41.3
157.3
38.5
33.5
38.4
47.3
35.1
34.3
41.8
37.2
37.2
39.7
38.8
158.4
48.1
35.6
35.6
65.3
43.3
41.1
44.4
43.1
47.7
35.1
31.2
223.7
37.2
37.5
38.5
37.5
203.5
44.0
38.4
42.9
37.7
28.6
38.9
29.9
30.4
47.3
55.9
96.1
38.5
33.1
55.3
43.6
34.7
34.7
34.7
42.3
36.0
28.0
45.6
95.4
42.7
47.2
27.4
56.9
64.9
43.2
63.2
65.9
86.2
56.1
31.9
306.8
40.4
95.0
48.1
30.8
99.4
109.3
48.1
38.1
90.5
299.9
53.6
49.0
27.5
46.4
47.3
44.3
43.6
37.2
37.2
38.5
38.9
271.0
38.1
50.0
46.9
36.0
37.3
379.6
43.5
29.2
38.9
28.0
25.1
42.5
252.5
64.5
38.9
44.5
46.9
75.1
38.5
26.9
27.8
28.3
38.9
125.2
34.7
35.1
39.3
42.3
44.5
233.3
187.5
43.5
46.9
45.2
44.5
38.2
315.4
45.2
162.5
58.3
28.4
48.1
39.0
41.2
33.9
38.5
25.2
39.3
39.7
42.9
46.9
34.6
35.8
34.3
37.7
45.2
39.0
42.7
26.9
42.7
36.0
31.0
125.7
91.5
44.9
39.7
38.2
46.4
34.1
85.8
46.0
38.9
39.7
167.6
31.0
34.7
38.9
39.3
38.5
38.5
38.5
38.7
35.1
33.5
44.6
49.8
43.9
44.9
85.5
38.5
40.6
46.4
41.6
47.3
37.9
387.2
42.0
47.7
38.1
38.9
178.0
42.3
44.8
38.6
20.6
48.5
46.0
34.4
43.4
40.8
43.6
51.7
39.7
35.0
33.9
34.3
32.6
43.3
45.2
38.9
75.7
40.6
372.1
42.2
28.7
47.3
34.3
34.5
46.0
36.5
44.1
35.6
26.7
84.6
39.7
39.7
39.7
46.0
46.4
76.1
38.5
40.2
182.8
28.9
128.2
47.3
46.9
38.9
46.4
48.1
41.8
41.8
36.1
105.3
45.6
38.9
49.3
46.4
32.2
48.1
104.4
68.0
31.6
46.4
29.1
44.9
36.7
149.0
94.3
65.2
62.7
51.8
91.6
52.5
52.5
66.9
56.8
73.8
66.8
66.1
59.8
74.5
46.1
52.6
53.5
65.0
53.7
38.1
56.8
63.8
69.8
84.3
65.6
57.9
81.3
64.9
52.1
64.5
131.7
94.8
54.4
57.4
121.3
58.2
67.5
71.3
66.1
66.5
74.0
64.0
45.8
63.4
66.0
101.3
63.9
50.9
79.9
84.5
60.6
52.5
57.2
62.6
65.3
65.2
62.0
67.5
83.5
101.2
66.8
71.6
69.8
52.0
54.2
82.1
55.3
60.1
79.7
53.4
52.9
37.1
78.4
76.7
78.0
36.2
136.1
51.4
70.0
78.7
60.0
92.3
84.5
97.5
90.4
57.5
60.9
52.3
59.1
59.9
84.6
38.5
61.8
66.9
72.4
59.3
106.2
61.4
65.7
72.5
53.3
70.7
101.8
58.3
65.0
64.5
81.1
64.3
60.7
104.6
52.1
60.2
54.7
94.5
63.6
76.2
51.9
33.9
99.6
51.7
92.3
73.0
56.7
53.4
41.3
73.6
103.8
76.8
55.4
59.8
54.7
54.8
81.0
65.3
52.8
89.6
86.5
48.8
87.0
72.1
64.6
112.6
60.5
66.7
77.8
74.5
68.2
52.4
99.5
91.7
98.6
81.3
62.4
62.6
84.0
62.8
45.9
94.6
67.4
53.3
48.1
60.6
52.9
56.0
61.1
103.5
66.9
84.9
67.0
72.7
74.3
70.0
62.8
72.2
63.3
65.3
56.9
65.2
84.0
60.9
58.8
72.1
50.5
47.5
55.2
61.6
84.2
103.0
68.7
68.4
60.6
85.8
61.4
59.4
58.0
49.1
59.3
60.7
91.6
59.5
63.0
34.5
44.7
54.9
89.5
95.8
55.0
67.9
83.0
54.5
101.0
54.3
53.8
89.6
58.9
57.3
59.8
65.3
54.9
52.1
35.8
55.5
56.9
54.7
60.7
132.3
56.7
46.2
43.9
57.2
50.1
58.5
83.4
47.5
59.8
80.9
66.3
62.5
55.5
73.3
61.9
58.6
53.3
53.9
50.4
37.2
84.9
69.5
60.1
57.8
106.1
48.2
72.1
37.5
87.0
70.7
60.5
41.2
61.6
136.7
75.7
127.5
77.2
109.1
34.6
56.6
59.6
56.2
36.0
57.3
101.1
54.6
66.1
40.8
51.9
64.0
67.6
79.0
55.5
62.8
67.1
48.7
83.3
77.2
148.0
115.5
36.2
75.2
70.8
75.3
69.8
56.0
54.6
69.5
54.8
78.9
100.1
53.7
68.5
39.5
58.0
50.6
82.4
52.2
62.1
50.0
43.1
96.5
65.0
41.8
101.7
55.2
54.0
74.5
58.7
53.0
67.2
69.9
92.0
76.6
50.3
49.3
71.9
79.6
86.2
53.8
97.2
61.8
79.9
52.5
83.2
69.9
64.5
52.7
54.8
81.4
48.0
53.6
68.6
71.0
94.1
96.8
48.8
36.0
56.6
60.4
64.9
69.5
87.4
48.1
69.2
28.7
29.5
23.9
33.6
28.4
23.7
51.7
42.3
25.8
37.4
43.2
44.9
38.9
40.0
